service_id,monday,tuesday,wednesday,thursday,friday,saturday,sunday,start_date,end_date
59,1,1,1,1,1,0,0,20121112,20121207
60,0,0,0,0,0,1,1,20121108,20121208
1,1,1,1,1,1,1,1,20121209,20130206
0,1,1,1,1,1,1,1,20121108,20121208
68,1,1,1,1,1,1,1,20121108,20121209
537,1,1,1,1,1,1,1,20121210,20130206
58,1,1,1,1,1,1,1,20121108,20121208
2,1,1,1,1,1,1,1,20121108,20121208
76,0,0,0,0,0,1,1,20121110,20121208
75,1,1,1,1,1,0,0,20121108,20121207
10,0,0,0,0,0,1,0,20121110,20121208
673,1,1,1,1,1,1,1,20121108,20121208
674,0,0,0,0,0,1,1,20121110,20121208
74,1,1,1,1,1,1,0,20121108,20121208
87,0,0,0,0,0,0,1,20121111,20121202
675,0,0,0,0,0,0,1,20121111,20121125
16,1,1,1,1,1,0,1,20121108,20121207
697,1,1,1,1,1,0,0,20121210,20130206
689,0,0,0,0,0,0,1,20121209,20130106
690,0,0,0,0,0,0,1,20130113,20130203
692,1,1,1,1,1,0,0,20121108,20121207
693,1,1,1,1,1,0,0,20121210,20121221
695,1,1,1,1,1,0,0,20130121,20130206
696,1,1,1,1,1,0,0,20121224,20130118
698,1,1,1,1,1,1,0,20121108,20121208
701,0,1,0,0,0,0,0,20121225,20130101
699,1,1,1,1,1,1,0,20121210,20130206
1105,1,1,1,1,1,0,0,20121108,20121207
313,1,1,1,1,1,0,0,20121210,20130206
194,1,1,1,1,1,0,0,20121210,20130206
125,0,0,0,0,0,0,1,20121209,20130203
6051,1,1,1,1,1,1,0,20121210,20130206
29,0,0,0,0,0,1,0,20121215,20130202
6055,0,0,0,0,0,1,1,20121209,20130203
1111,0,0,0,0,0,1,1,20121110,20121208
11,0,0,0,0,0,0,1,20121111,20121202
6014,1,1,1,1,1,1,0,20121210,20130206
955,0,0,0,0,0,1,0,20121110,20130202
6052,1,1,1,1,1,0,0,20121108,20130206
6022,0,0,0,0,0,0,1,20121111,20130203
6018,1,1,1,1,1,0,0,20121108,20130206
6093,0,0,0,0,0,1,1,20121110,20130203
7171,1,1,1,1,1,0,0,20121119,20130206
394,1,1,1,1,1,0,0,20121108,20121116
2208,0,0,0,0,0,1,1,20121117,20121118
743,1,1,1,1,1,1,1,20121209,20130113
744,0,0,0,0,0,1,1,20130119,20130203
742,0,0,0,0,0,1,1,20121108,20121208
740,1,1,1,1,1,0,0,20121210,20121223
741,1,1,1,1,1,0,0,20130114,20130206
7435,1,0,0,0,0,0,0,20130114,20130204
7434,1,0,0,0,0,0,0,20121210,20130107
746,1,1,1,1,1,0,0,20121119,20121130
14,1,0,0,0,0,0,0,20121112,20121203
2319,1,0,0,0,0,0,0,20121210,20130204
996,0,0,0,0,0,0,1,20121209,20130203
334,0,0,0,0,0,1,0,20121215,20130202
1460,0,0,0,0,0,0,1,20121209,20130203
1458,1,1,1,1,1,0,0,20121210,20130206
5662,0,1,1,1,1,0,0,20121211,20130206
301,0,1,1,1,1,0,0,20121108,20121207
802,1,1,1,1,1,0,0,20121108,20130206
66,1,1,1,1,1,0,0,20121210,20130206
96,1,1,1,1,1,1,1,20121108,20130206
5821,0,0,0,0,0,0,1,20121111,20130203
803,1,1,1,1,1,1,0,20121108,20130206
5819,1,1,1,1,1,1,1,20121108,20130206
1490,0,1,1,1,1,0,0,20121204,20121207
5816,1,1,1,1,1,0,0,20121210,20130206
8118,1,1,1,1,1,0,0,20121210,20130206
256,1,1,1,1,0,0,0,20121108,20121206
1341,1,1,1,1,0,0,0,20121210,20130206
5820,0,0,0,0,1,1,1,20121209,20130203
415,0,0,0,0,1,1,1,20121109,20121208
973,1,1,1,1,1,0,1,20121108,20130206
38,0,0,0,0,0,0,1,20121209,20130203
37,1,1,1,1,1,1,0,20121210,20130206
51,1,1,1,1,1,1,1,20121110,20121208
5818,1,1,1,1,1,1,1,20121209,20130206
6783,0,0,0,0,0,1,1,20121108,20121208
8096,1,1,1,1,0,0,0,20121210,20121213
8098,1,1,1,1,1,0,0,20130107,20130120
8095,1,1,1,1,1,0,0,20121109,20121207
73,1,1,1,1,1,0,1,20121209,20130206
8092,1,1,1,1,1,0,0,20121210,20130206
5817,0,0,0,0,0,1,0,20121110,20130202
6316,1,1,1,1,1,0,0,20121112,20121130
8101,0,0,0,0,1,0,0,20130121,20130206
8094,0,0,0,0,0,1,1,20130107,20130203
8103,1,1,1,1,1,1,1,20121119,20130206
8102,1,1,1,1,0,0,0,20121210,20121213
6010,0,1,1,1,1,0,0,20121113,20121116
1497,0,0,0,1,1,0,0,20121108,20121109
1472,1,1,1,1,1,0,0,20121112,20121123
8108,1,1,1,1,1,0,0,20121112,20130206
8107,1,1,1,1,1,0,0,20121112,20121207
2721,0,0,0,0,0,0,1,20121111,20130203
8112,0,0,0,1,1,0,0,20121108,20121109
8114,0,0,0,1,1,0,0,20121108,20121112
8115,1,1,1,1,1,0,0,20121113,20121207
3501,1,1,1,1,1,0,1,20121209,20130206
5827,1,1,1,1,1,1,1,20121108,20121208
251,1,1,1,1,0,0,0,20121203,20121206
71,0,0,0,0,0,1,1,20121209,20130203
5822,1,1,1,1,1,1,1,20121108,20121208
5826,0,0,0,0,0,1,0,20121110,20121208
5831,1,1,1,1,1,0,0,20121108,20121207
5824,1,1,1,1,1,0,0,20121108,20121119
5823,0,1,1,1,1,1,1,20121120,20121130
5777,1,1,1,1,1,0,0,20121120,20121130
1028,0,0,0,0,1,0,1,20121209,20130203
382,0,0,0,0,1,0,1,20121109,20121207
5825,0,0,0,0,0,1,1,20121126,20121208
1224,1,1,1,1,0,1,1,20121209,20130206
5829,1,1,1,1,1,0,0,20121108,20121119
218,0,0,0,0,1,0,0,20121214,20130201
773,1,1,1,1,1,0,0,20121126,20121130
1292,1,1,1,1,1,0,0,20121203,20121207
412,0,0,0,0,0,0,1,20121111,20121118
1695,0,0,1,1,0,0,0,20121114,20121115
5835,1,1,1,1,1,1,1,20121108,20121208
5837,1,1,1,1,1,1,1,20121209,20130206
5833,0,0,0,0,0,1,1,20121109,20121208
5838,0,0,0,1,0,0,0,20121108,20121113
5834,1,1,1,1,1,1,1,20121209,20130206
5832,1,1,1,1,1,0,0,20121119,20121207
1860,0,1,1,1,0,0,0,20121120,20121122
1178,0,0,0,0,0,1,0,20121222,20130105
3096,0,0,0,0,0,0,1,20121223,20130106
5844,0,0,0,0,1,0,0,20121214,20130201
5841,0,0,0,0,0,0,1,20121209,20121223
3086,0,0,0,0,0,1,1,20121110,20121208
5840,1,1,1,1,1,0,0,20121119,20121123
5843,1,1,1,1,0,0,0,20121210,20130206
5855,0,0,0,0,0,0,1,20130127,20130203
170,0,0,0,0,0,1,1,20121124,20121208
5854,0,0,0,0,0,1,1,20121209,20130203
5853,0,0,0,0,0,0,1,20121209,20130203
168,0,0,0,0,0,0,1,20121125,20121202
5093,1,1,1,1,1,1,1,20121124,20121208
20,1,1,1,1,1,0,0,20121126,20121207
5846,1,1,1,1,1,1,1,20121209,20130206
5848,1,1,1,1,1,1,1,20121209,20130206
224,0,0,0,0,1,0,0,20121130,20121207
5845,0,0,0,0,0,1,0,20121215,20130202
3079,1,1,1,1,1,0,0,20121108,20121123
4382,1,1,1,1,0,0,0,20121108,20121122
4486,0,0,0,0,0,0,1,20121111,20121118
395,0,0,0,0,0,1,1,20121110,20121118
15,0,0,0,0,0,1,1,20121110,20121208
368,0,0,0,0,0,1,0,20121110,20121117
366,0,0,0,0,0,1,0,20121124,20121208
6705,1,1,1,1,1,0,0,20121108,20121123
6711,1,1,1,1,1,0,0,20121108,20121122
5173,1,1,1,1,1,0,0,20121112,20121207
5847,1,1,1,1,1,0,0,20121119,20121207
225,0,0,0,0,1,0,0,20121109,20121123
419,0,0,0,0,0,0,1,20121111,20121118
5851,1,1,1,1,1,1,0,20121124,20121208
598,1,1,1,1,1,0,1,20121125,20121207
5849,1,1,1,1,1,0,1,20121209,20130206
5261,1,1,1,1,0,0,1,20121125,20121206
5850,1,1,1,1,0,0,1,20121209,20130206
1483,1,1,1,1,1,0,0,20121112,20121116
599,1,1,1,1,1,0,1,20121108,20121123
8627,0,0,0,0,0,1,0,20121110,20121117
5938,0,0,0,0,0,1,1,20121110,20121208
6886,1,1,1,1,1,1,1,20121108,20121208
5856,1,1,1,1,1,1,0,20121108,20121123
8623,1,1,1,1,1,1,1,20121108,20121123
8625,0,0,0,0,0,1,1,20121108,20121123
8605,1,1,1,1,1,1,1,20121108,20130206
8609,1,1,1,1,1,0,0,20121108,20121207
8607,1,1,1,1,1,1,1,20121110,20130206
8615,1,1,1,1,1,1,1,20121108,20130206
8617,1,1,1,1,1,1,1,20121110,20130206
8604,1,1,1,1,1,1,1,20121108,20130206
286,1,1,1,1,1,1,1,20121108,20121208
7482,1,1,1,1,1,1,0,20121108,20121208
8602,1,1,1,1,1,1,1,20121108,20130206
8600,1,1,1,1,1,0,0,20121119,20130206
8606,0,0,0,0,0,1,1,20121209,20130203
8614,1,1,1,1,1,1,1,20121209,20130106
8613,1,0,0,0,0,0,1,20121111,20121208
8601,1,1,1,1,1,1,0,20121108,20130206
8612,1,1,1,1,1,1,1,20121209,20130206
5915,1,1,1,1,1,1,1,20121209,20130206
1847,0,0,0,0,0,1,1,20121110,20121208
2986,1,1,1,1,1,1,1,20121209,20130206
1324,1,1,1,1,1,1,1,20121108,20121208
344,1,1,1,1,1,0,0,20121108,20121207
2974,1,1,1,1,1,0,0,20121210,20130206
3007,1,1,1,1,1,1,1,20121209,20130206
3030,1,1,1,1,1,1,1,20121108,20121208
1330,0,0,0,0,1,1,1,20130107,20130203
5861,0,0,0,0,1,1,1,20121109,20121208
1332,1,1,1,1,1,1,1,20121108,20121208
5857,1,1,1,1,1,1,1,20121209,20130206
329,1,1,1,1,1,1,1,20121108,20121208
5859,1,1,1,1,1,1,1,20121209,20130206
343,1,1,1,1,1,0,0,20121108,20121207
5858,1,1,1,1,1,1,1,20121209,20130206
4112,1,1,1,1,1,0,1,20121108,20121207
5860,1,1,1,1,1,1,1,20121209,20130206
5879,1,1,1,1,1,0,1,20121109,20121207
5862,1,1,1,1,1,1,0,20121210,20130206
5869,1,1,1,1,1,0,0,20121210,20130125
5865,0,0,0,0,0,1,1,20130112,20130113
3588,1,1,1,1,1,0,0,20121210,20130206
5870,1,1,1,1,1,0,1,20121209,20130206
5868,1,1,1,1,1,1,1,20121209,20130203
5866,1,1,1,1,1,1,1,20121209,20130206
5867,0,0,0,0,0,1,1,20121209,20130203
5872,0,0,0,0,0,0,1,20121209,20130203
5871,1,1,1,1,1,0,0,20121210,20130206
5878,1,1,1,1,0,1,1,20121209,20130206
104,1,1,1,1,0,1,1,20121108,20121208
12,1,1,1,1,1,1,0,20121108,20121208
3184,1,1,1,1,1,1,1,20121108,20121208
9,1,1,1,1,1,0,0,20121108,20121207
5864,0,0,0,0,0,1,0,20121215,20130202
5874,1,1,1,1,1,1,0,20121210,20130206
5875,0,0,0,0,0,0,1,20121209,20130203
5023,1,1,1,1,1,0,0,20130128,20130206
17,0,0,0,0,1,0,0,20121109,20121207
5873,0,0,0,0,0,0,1,20121209,20130203
8696,1,1,1,1,1,1,1,20121108,20130203
8695,1,1,1,1,1,1,0,20130114,20130206
8697,1,1,1,1,1,1,0,20130107,20130202
7723,1,1,1,1,1,0,0,20121210,20130206
8727,0,0,0,0,0,1,0,20121215,20130202
5888,1,1,1,1,1,1,1,20121209,20130206
5890,1,1,1,1,1,0,1,20121209,20130206
3412,1,1,1,1,1,0,1,20121108,20121207
5880,1,1,1,1,1,1,0,20121210,20130206
1339,1,1,1,1,1,1,1,20121209,20130206
5887,1,1,1,1,1,1,1,20121108,20130206
5885,1,1,1,1,1,1,0,20121210,20130206
5881,1,1,1,1,1,1,0,20121210,20130206
3565,0,0,0,0,0,1,1,20121209,20130203
5892,1,1,1,1,1,0,1,20121209,20130206
5891,1,1,1,1,1,0,1,20121111,20121207
5886,0,0,0,0,0,0,1,20121209,20130203
5911,0,0,0,0,1,0,1,20121109,20130203
5744,1,1,1,1,1,1,1,20121209,20130206
1395,1,1,1,1,1,1,1,20121209,20130206
5907,1,1,1,1,1,1,1,20121209,20130106
5909,0,0,0,0,0,0,1,20121110,20121207
5899,1,1,1,1,1,1,1,20121209,20130206
5903,1,1,1,1,1,1,1,20121209,20130106
5902,1,1,1,1,1,1,1,20121209,20130206
3113,1,1,1,1,1,1,1,20121110,20121208
5896,1,1,1,1,1,1,0,20121110,20121208
5897,1,1,1,1,1,1,1,20121209,20130106
5894,1,0,0,0,0,1,0,20121210,20121223
754,1,1,1,1,1,1,0,20121108,20121208
1518,0,0,0,1,1,0,0,20121108,20121109
5901,1,1,1,1,1,1,1,20121209,20130203
5905,1,1,1,1,1,1,1,20121209,20130206
2784,0,0,0,0,0,0,1,20121118,20121202
5895,0,1,1,1,1,0,0,20121211,20130206
8753,1,1,1,1,1,1,0,20121210,20121223
8745,1,1,1,1,1,1,1,20121209,20130106
8758,0,0,0,0,0,1,0,20121110,20121208
8759,1,1,1,1,1,1,0,20121210,20121223
5914,1,1,1,1,0,1,0,20121108,20130206
862,0,0,0,0,0,1,0,20121117,20121208
1392,1,1,1,1,1,0,0,20121210,20130206
6311,1,1,1,1,1,0,0,20121108,20121207
8535,1,1,1,1,1,1,1,20130103,20130206
8534,1,1,1,1,1,1,1,20121209,20130102
1684,0,0,0,0,0,1,1,20121110,20121208
1598,1,1,1,1,1,0,0,20121210,20130201
2823,1,1,1,1,1,0,0,20130107,20130206
1403,1,1,1,1,1,1,1,20121209,20130206
8542,1,1,1,1,1,1,1,20130105,20130206
6903,1,1,1,1,1,1,1,20121108,20121208
8539,1,1,1,1,1,1,1,20121209,20130203
8541,1,1,1,1,1,1,1,20130105,20130203
8533,1,1,1,1,1,1,1,20121209,20130113
4708,1,1,1,1,1,0,0,20121210,20130104
8544,1,1,1,1,1,0,0,20130107,20130201
8582,0,0,0,0,0,1,1,20130105,20130203
8583,0,1,0,0,0,1,1,20121209,20130101
1698,1,1,1,1,1,1,0,20121210,20130206
8555,1,1,1,1,1,1,1,20121209,20130206
7585,1,1,1,1,1,1,1,20121108,20121208
8551,1,1,1,1,1,1,1,20121209,20130206
8554,1,1,1,1,1,1,1,20121108,20121208
8550,1,1,1,1,1,1,1,20121108,20121208
8480,1,1,1,1,1,1,1,20121209,20130206
8553,1,1,1,1,1,0,0,20130121,20130125
8537,1,1,1,1,1,0,0,20130107,20130206
8540,1,1,1,1,1,0,0,20121210,20130201
8536,1,1,1,1,1,1,1,20130105,20130206
8538,1,1,1,1,1,1,1,20121209,20130203
8532,1,1,1,1,1,1,1,20121209,20130113
8531,1,1,1,1,1,1,1,20130105,20130206
8563,1,1,1,1,1,0,0,20121210,20130102
8562,0,0,0,1,1,0,0,20130103,20130104
8587,0,0,0,0,0,1,1,20130105,20130203
8588,0,0,0,0,0,1,1,20121209,20130101
1504,1,1,1,1,1,0,0,20121119,20121123
3135,0,0,0,0,0,1,0,20130112,20130126
8547,1,1,1,1,1,1,1,20121209,20130206
8549,1,1,1,1,1,1,1,20121108,20121208
5919,1,0,0,0,0,0,0,20121112,20121203
5924,1,1,1,1,1,1,1,20121210,20130127
969,0,0,0,0,0,1,1,20121110,20130203
5928,0,0,0,0,0,1,1,20121117,20121208
5920,0,0,0,0,0,1,1,20121117,20121125
127,0,0,0,0,0,1,0,20121201,20121208
5927,1,1,1,1,1,0,0,20121210,20130201
5931,1,1,1,1,1,1,1,20121209,20130206
1800,1,1,1,1,1,1,1,20121108,20121207
5929,0,0,0,0,0,1,1,20121117,20121208
3021,0,0,0,0,0,1,1,20121110,20121111
5921,0,0,0,0,0,1,1,20121215,20130127
5922,0,0,0,0,0,1,1,20121108,20121208
5916,1,1,1,1,1,0,0,20121210,20130206
3524,0,0,0,0,0,1,1,20121209,20130127
5930,1,1,1,1,1,1,0,20121210,20130206
93,1,1,1,1,1,1,0,20121108,20121207
5925,1,1,1,1,1,0,0,20121210,20130125
5917,0,1,1,1,1,1,0,20121211,20130201
5918,0,1,1,1,1,1,0,20121108,20121208
5936,0,0,0,0,0,0,1,20121216,20130203
5933,1,1,1,1,1,1,0,20121108,20121208
5923,1,1,1,1,1,0,0,20121110,20121123
5935,1,1,1,1,1,1,1,20121108,20121208
5932,1,0,0,0,0,0,0,20121210,20130128
3557,1,1,1,1,1,1,1,20121108,20121208
5939,1,1,1,1,1,0,0,20121108,20121207
2355,1,1,1,1,1,0,1,20121108,20121207
3856,1,1,1,1,1,1,1,20121108,20121208
5940,1,1,1,1,1,1,0,20121108,20121208
5937,1,1,1,1,1,1,0,20121108,20121208
5944,1,1,1,1,1,0,0,20121108,20130206
5978,1,1,1,1,0,0,0,20121108,20121115
5977,0,0,0,0,0,1,0,20121215,20130202
2853,1,1,1,1,1,1,1,20121108,20121208
5945,1,1,1,1,1,0,0,20130107,20130206
5941,1,1,1,1,1,0,0,20130107,20130206
5943,1,1,1,1,1,0,0,20121210,20130206
5942,1,1,1,1,1,0,1,20121108,20130206
8687,1,0,0,0,0,1,1,20121124,20121203
311,1,0,0,0,0,0,0,20121126,20121203
8681,1,0,0,0,0,0,0,20121126,20121204
8691,1,0,0,0,0,1,1,20121124,20121204
5947,1,1,1,1,1,1,1,20121108,20121208
5946,1,1,1,1,1,1,0,20121108,20121208
5948,0,0,0,0,0,0,1,20121209,20130203
8680,0,0,0,0,0,1,1,20121209,20130203
5976,1,1,1,1,1,0,0,20121210,20130206
3253,0,0,0,0,0,1,0,20121215,20130202
8678,0,0,0,0,0,1,1,20121209,20130203
539,0,0,0,0,0,1,1,20121209,20130203
5979,1,1,1,1,1,0,0,20121210,20130206
6900,0,0,0,0,0,1,0,20121215,20130202
8679,0,0,0,0,1,0,1,20121109,20130203
6230,1,1,1,1,1,0,0,20130107,20130206
6451,1,1,1,1,1,0,0,20130107,20130206
5986,1,1,1,1,1,0,0,20130107,20130206
8675,0,0,0,0,0,1,1,20121209,20130203
5985,1,1,1,1,1,0,0,20121210,20130206
2815,0,0,0,0,0,1,1,20121110,20121208
5984,1,1,1,1,1,0,0,20121108,20130206
8671,0,0,0,0,0,1,1,20121209,20130203
7754,0,0,0,0,0,1,0,20121215,20130202
5981,1,1,1,1,1,0,0,20121210,20130206
8670,1,1,1,1,1,0,0,20130107,20130206
7492,1,1,1,1,1,0,0,20121210,20130206
585,1,1,1,1,1,1,1,20121209,20130206
5988,1,1,1,1,1,0,0,20121210,20130206
5987,0,0,0,0,0,1,1,20121209,20130203
5990,1,1,1,1,1,0,0,20121210,20130125
5989,1,1,1,1,1,1,0,20121210,20130202
5688,1,1,1,1,1,1,1,20121209,20130203
7594,1,1,1,1,1,0,0,20121108,20130125
502,0,0,0,0,0,1,0,20121229,20130202
6748,0,0,0,0,0,1,0,20121110,20121222
6735,1,1,1,1,1,1,0,20121224,20130206
3862,1,1,1,1,1,0,1,20121223,20130206
6106,1,1,1,1,1,0,0,20121224,20130206
1371,1,1,1,1,1,0,0,20121108,20121130
6757,1,1,1,1,1,0,0,20121203,20121221
6749,1,1,1,1,1,0,1,20121108,20121202
6122,1,1,1,1,1,0,0,20121108,20121221
6759,0,0,0,0,1,0,0,20121228,20130201
6112,0,0,0,0,0,0,1,20121223,20130203
801,0,0,0,0,0,1,0,20121215,20121222
882,0,0,0,0,0,0,1,20121209,20121216
2657,0,0,0,0,1,0,0,20121109,20121130
6760,0,0,0,0,1,0,0,20121207,20121221
6763,0,0,0,0,1,0,1,20121223,20130203
3693,0,0,0,0,0,1,1,20121209,20121222
6729,0,0,0,0,0,1,1,20121223,20130203
6751,1,1,1,1,1,1,1,20121108,20121221
6756,1,1,1,1,1,0,0,20121108,20121202
6753,1,1,1,1,0,0,0,20121224,20130206
171,1,1,1,1,1,0,0,20121119,20121207
7763,1,1,1,1,1,0,0,20121119,20130206
167,1,1,1,1,1,1,0,20121119,20121208
7764,1,1,1,1,1,1,0,20121119,20130206
7765,1,1,1,1,1,1,1,20121118,20130206
7766,0,0,0,0,0,1,1,20121118,20130203
7461,0,0,0,0,0,0,1,20121118,20130203
7768,0,0,0,0,0,1,1,20121110,20121117
422,1,1,1,1,1,0,0,20121108,20121116
7767,0,0,0,0,0,1,0,20121124,20130202
417,1,1,1,1,1,1,0,20121108,20121117
421,1,1,1,1,1,1,0,20121108,20121117
6388,1,1,1,1,1,0,0,20121119,20121207
6054,0,0,0,0,0,0,1,20121118,20121202
91,0,0,0,0,1,0,0,20121109,20121207
5724,0,0,0,0,0,1,1,20121111,20121208
6662,1,1,1,1,0,0,0,20121108,20121206
6648,0,0,0,0,0,1,0,20121110,20121208
44,1,1,1,1,1,0,0,20121210,20130206
6658,1,1,1,1,1,0,0,20121108,20121207
6665,1,1,1,1,0,0,0,20121108,20121206
219,1,1,1,1,0,0,0,20121210,20130206
339,0,0,0,0,0,1,0,20121110,20121208
1822,1,1,1,1,1,1,1,20121108,20121208
31,1,1,1,1,1,1,0,20121210,20130206
1826,0,0,0,0,0,1,0,20121110,20121124
8661,1,1,1,1,1,1,1,20121108,20130206
8658,1,1,1,1,1,1,1,20121108,20130206
8663,1,1,1,1,1,1,1,20121209,20130206
8655,1,1,1,1,1,1,1,20121108,20121208
8660,1,1,1,1,1,1,1,20121108,20130206
8662,1,1,1,1,1,1,1,20121108,20121208
8653,1,1,1,1,1,1,1,20121108,20130206
8656,1,1,1,1,1,1,1,20121209,20130206
8659,1,1,1,1,1,1,1,20121209,20130206
8654,1,1,1,1,1,1,1,20121209,20130206
5677,1,1,1,1,1,0,0,20121108,20121207
8657,1,1,1,1,1,1,1,20121108,20121208
8649,1,1,1,1,1,1,1,20121108,20130206
8634,1,1,1,1,1,1,1,20121209,20130206
2849,1,1,1,1,1,1,0,20121210,20130206
2885,1,1,1,1,1,0,0,20121210,20130206
2732,1,1,1,1,1,1,1,20121108,20121208
8648,1,1,1,1,1,1,1,20121209,20130206
8652,0,0,0,0,1,0,0,20121221,20130201
8651,1,1,1,1,0,1,1,20121209,20130206
2936,1,1,1,1,1,1,1,20121209,20130206
8650,1,1,1,1,1,0,0,20121108,20121207
6006,1,1,1,1,1,1,1,20121108,20130206
6009,1,1,1,1,1,1,1,20121108,20130206
6008,0,0,0,0,0,0,1,20121111,20130203
6015,1,1,1,1,1,1,0,20121108,20130206
6016,1,1,1,1,1,0,0,20121108,20130206
6019,1,1,1,1,1,0,0,20121210,20130206
70,1,1,1,1,1,0,1,20121108,20121207
6020,1,1,1,1,1,1,0,20121210,20130206
6023,1,1,1,1,1,0,0,20121108,20130206
6021,1,1,1,1,1,0,0,20121210,20130206
6024,1,1,1,1,1,0,0,20121210,20121223
6058,0,0,0,0,0,1,0,20121215,20130112
6042,0,0,0,0,0,0,1,20121209,20130203
6030,0,0,0,0,0,0,1,20121111,20130203
6026,1,1,1,1,1,1,0,20121210,20130206
6037,1,1,1,1,1,1,0,20121108,20130120
6033,1,1,1,1,1,0,0,20121210,20130206
239,0,0,0,0,0,1,0,20121215,20130202
6064,1,1,1,1,1,1,0,20121210,20130206
6043,1,1,1,1,1,0,1,20121108,20130206
5288,0,0,0,0,0,1,1,20121110,20121208
6040,1,1,1,1,1,1,1,20121209,20130206
6068,1,1,1,1,0,0,0,20121210,20130206
6059,0,0,0,0,0,1,1,20121209,20130203
6066,1,1,1,1,1,0,0,20121210,20130206
6045,0,0,0,0,1,0,0,20121214,20130201
6035,0,0,0,0,0,1,0,20121110,20121208
6036,1,1,1,1,1,1,0,20121210,20130206
6029,1,1,1,1,0,1,1,20121108,20130206
188,0,0,0,0,0,0,1,20121209,20130203
6039,0,0,0,0,1,0,0,20121116,20130201
6047,1,1,1,1,0,0,0,20121210,20130206
6062,1,1,1,1,0,1,0,20121210,20130206
6049,0,0,0,0,1,0,0,20121214,20130201
6028,1,1,1,1,1,0,0,20121108,20130206
6041,0,0,0,0,1,0,0,20121109,20130201
6048,0,0,0,0,1,0,0,20121109,20130111
6032,1,1,1,1,1,1,0,20121110,20130206
5286,1,1,1,1,1,0,0,20121108,20121123
1785,0,0,0,1,1,0,0,20121108,20121109
7211,1,1,1,1,1,0,0,20121108,20130206
6050,1,1,1,1,1,0,0,20121108,20121207
7210,1,0,0,1,1,0,0,20121224,20121231
1528,0,0,0,0,0,1,1,20121110,20121111
7209,1,1,1,1,1,0,0,20121108,20121116
6056,0,0,0,0,0,1,0,20121117,20130202
6057,0,0,0,0,0,0,1,20121118,20130203
6053,0,0,0,0,0,1,1,20121117,20121208
5716,1,1,1,1,1,1,0,20121108,20121208
355,1,1,1,1,0,1,0,20121124,20121208
6063,0,0,0,0,0,1,0,20121109,20121208
6067,1,1,1,1,0,1,0,20121108,20121206
1677,1,1,1,1,0,1,0,20121108,20121208
13,1,1,1,1,0,0,0,20121108,20121206
6061,1,1,1,1,1,1,1,20121108,20121122
5973,1,1,1,1,1,1,0,20121108,20121208
3926,1,1,1,1,1,0,0,20121210,20130206
7940,0,0,0,0,0,0,1,20121209,20130203
658,0,0,0,0,0,1,0,20121215,20130202
7878,1,1,1,1,1,0,0,20121108,20130206
7334,1,0,1,1,1,0,0,20121224,20130106
4145,1,1,1,1,1,1,0,20121210,20130206
1134,0,0,0,0,0,0,1,20121209,20130203
1901,0,0,0,0,1,0,0,20121214,20130201
7941,0,0,0,0,1,0,1,20121111,20121207
6650,1,1,1,1,1,1,1,20121209,20130206
6651,1,1,1,1,1,0,1,20121209,20130206
6653,1,1,1,1,1,0,0,20121210,20130206
6667,0,0,0,0,1,1,1,20121209,20130113
6644,1,1,1,1,1,1,1,20121209,20130206
1251,0,0,0,0,0,0,1,20121111,20121202
6654,1,1,1,1,1,0,1,20121108,20121207
6643,1,1,1,1,1,0,0,20121210,20130206
6661,0,0,0,0,0,1,1,20121209,20130113
6649,1,1,1,1,1,1,1,20121209,20130206
6656,1,1,1,1,1,0,1,20121209,20130206
6647,1,1,1,1,1,1,1,20121209,20130206
6660,1,1,1,1,1,1,1,20121209,20130206
6663,0,0,0,0,1,1,1,20121209,20130203
6645,1,1,1,1,1,0,0,20121210,20130206
6664,0,0,0,0,0,1,1,20121209,20130203
6646,1,1,1,1,1,1,1,20121209,20130206
6666,0,0,0,0,0,0,1,20121111,20121208
6655,1,1,1,1,1,0,0,20121210,20130206
6659,1,1,1,1,1,1,1,20121209,20130206
8643,1,1,1,1,0,0,0,20121210,20130206
6652,0,0,0,0,0,1,0,20121110,20130202
8638,1,1,1,1,1,0,1,20121209,20130206
1619,0,0,0,0,0,1,1,20121209,20121230
262,0,0,0,0,1,0,0,20121109,20121207
6724,1,1,1,1,1,1,1,20121209,20130206
6722,1,1,1,1,1,1,1,20121108,20130206
6725,1,1,1,1,1,1,1,20121108,20121208
6387,0,0,0,0,0,1,1,20121117,20121208
664,0,0,0,0,0,1,1,20121110,20121111
6670,0,0,0,0,0,0,1,20121111,20121209
6669,0,0,0,0,0,1,1,20130112,20130203
6668,0,0,0,0,0,1,1,20121209,20130203
6676,1,1,1,1,1,0,0,20121108,20130206
6687,1,1,1,1,1,1,0,20121117,20121208
6089,1,1,1,1,1,0,0,20121108,20121116
602,1,1,1,1,1,1,0,20121108,20121208
450,0,0,0,0,0,0,1,20121111,20121202
6681,1,1,1,1,0,0,0,20121119,20130206
667,1,1,1,1,1,0,0,20121126,20121207
1310,1,1,1,1,1,1,1,20121108,20121208
6712,1,1,1,1,1,0,1,20121108,20121202
6537,0,0,0,0,0,1,0,20121110,20121201
4633,0,1,0,0,0,0,1,20121224,20130106
6671,0,0,0,0,0,0,1,20130113,20130203
6672,0,0,0,0,0,1,0,20130112,20130202
2712,0,0,0,0,0,1,0,20121215,20130105
512,1,1,1,1,1,0,0,20121210,20130206
1282,0,0,0,0,0,0,1,20130113,20130203
6691,0,0,0,0,0,0,1,20121209,20130106
6673,1,1,1,1,1,0,0,20121210,20130206
7240,0,0,0,0,0,0,1,20121111,20130203
7239,0,0,0,0,0,1,0,20121110,20130202
7243,0,0,0,0,0,0,1,20121209,20130203
7237,1,1,1,1,1,0,0,20121210,20121223
7241,1,1,1,1,1,0,0,20121112,20130206
6675,1,1,1,1,1,1,0,20121203,20121208
6674,1,1,1,1,1,1,0,20121108,20121201
7245,1,1,1,1,1,1,0,20121210,20130206
6683,1,1,1,1,1,0,1,20121108,20121207
6678,1,1,1,1,1,1,1,20121117,20121208
81,0,0,0,0,0,0,1,20121111,20121202
3489,1,1,1,1,1,1,1,20121108,20121208
6464,0,0,0,0,0,1,1,20121117,20121208
6679,1,1,1,1,1,1,1,20121108,20121208
6680,1,1,1,1,1,0,0,20121126,20121130
6682,0,0,0,0,1,1,1,20121110,20121208
6677,1,1,1,1,1,0,0,20121119,20121130
553,1,1,1,1,1,0,0,20121108,20121207
6696,1,1,1,1,1,1,1,20121108,20121208
6693,0,0,0,0,0,1,1,20121108,20121208
138,1,1,1,1,1,1,1,20121108,20121208
6694,1,1,1,1,1,0,0,20121119,20121130
6700,1,1,1,1,1,1,1,20121108,20121208
1665,1,1,1,1,1,1,0,20121203,20121208
287,1,1,1,1,1,1,1,20121209,20130206
6686,1,1,1,1,1,1,0,20121210,20130206
3322,0,0,0,0,0,0,1,20121209,20130203
6692,0,0,0,0,0,1,1,20121209,20130203
6695,1,1,1,1,1,1,1,20121209,20130206
6697,1,1,1,1,1,1,1,20121209,20130206
1303,1,0,0,0,0,0,0,20130121,20130128
6698,1,0,0,0,0,0,0,20130121,20130204
7333,1,1,1,1,1,1,1,20121108,20130206
7335,1,1,1,1,1,1,1,20121108,20121201
7280,1,1,1,1,1,0,0,20121210,20130206
4362,0,0,0,0,1,0,0,20121109,20121116
7336,1,1,1,1,1,1,0,20121108,20121201
1300,1,1,1,1,1,0,0,20121126,20121130
7332,1,1,1,1,1,0,0,20130107,20130206
7331,1,1,1,1,1,0,0,20121108,20121208
6690,0,0,0,0,0,1,0,20130112,20130202
1305,1,1,1,1,1,1,1,20121209,20130206
7330,1,0,1,1,1,0,0,20121224,20130106
6684,1,1,1,1,1,1,1,20121209,20130206
6685,1,0,0,0,0,0,0,20130121,20130128
187,1,1,1,1,1,1,0,20121210,20130206
6689,1,1,1,1,1,1,0,20121210,20130105
6318,1,1,1,1,1,0,0,20130107,20130206
6688,1,1,1,1,1,1,0,20121210,20130206
520,1,1,1,1,1,0,0,20121210,20130104
6701,1,1,1,1,1,0,0,20130107,20130206
6713,1,1,1,1,1,1,1,20121224,20130106
6708,1,1,1,1,1,1,0,20121108,20130206
663,1,1,1,1,1,0,0,20121108,20121123
6595,0,0,0,0,0,1,1,20121117,20121208
7329,1,1,1,1,1,0,0,20121108,20121125
1304,1,0,0,0,0,0,0,20130121,20130128
7327,1,1,1,1,1,1,1,20121108,20121208
6612,0,0,0,0,0,1,1,20121110,20121111
7326,1,1,1,1,1,1,1,20121209,20130206
7328,1,1,1,1,1,0,0,20121108,20130206
6719,1,1,1,1,1,1,1,20121209,20130206
6720,1,1,1,1,1,0,0,20121210,20130206
6728,1,1,1,1,1,1,1,20121209,20130206
545,1,1,1,1,1,1,1,20121223,20130206
19,1,1,1,1,1,1,1,20121209,20121222
6726,1,1,1,1,1,1,1,20121209,20130206
6727,1,1,1,1,1,0,0,20121210,20130206
6758,1,1,1,1,0,0,0,20121108,20130206
6761,0,0,0,0,1,0,0,20121109,20121221
6731,1,1,1,1,1,0,0,20121108,20121221
6732,1,1,1,1,1,0,0,20121108,20130206
6747,1,1,1,1,1,0,0,20121108,20130206
6740,0,0,0,0,0,1,1,20121110,20130203
6733,0,0,0,0,0,1,0,20121110,20121223
6737,1,1,1,1,1,1,1,20121224,20130206
6738,1,1,1,1,1,1,0,20121108,20121221
6744,0,0,0,0,0,1,0,20121110,20121230
6739,1,1,1,1,1,0,1,20121108,20121221
6742,1,1,1,1,1,1,1,20121224,20130206
6730,1,1,1,1,1,0,0,20130102,20130206
6734,1,1,1,1,1,1,1,20121108,20121222
6743,1,1,1,1,1,1,0,20121108,20130206
6745,1,1,1,1,1,1,1,20121215,20130206
6736,1,1,1,1,1,1,0,20121215,20130206
6741,1,1,1,1,1,1,0,20121108,20130206
6746,1,1,1,1,1,1,0,20121231,20130206
6755,0,0,0,0,0,0,1,20121111,20121216
6762,0,0,0,0,0,1,1,20121110,20121202
6752,1,1,1,1,1,1,1,20121108,20121221
6754,1,1,1,1,1,0,1,20121108,20121220
3613,0,0,0,0,1,0,1,20121209,20121221
5804,1,1,1,1,0,0,0,20121210,20121213
7229,0,1,1,0,0,0,0,20121225,20130101
117,0,0,0,0,0,0,1,20121209,20130203
780,0,0,0,0,0,0,1,20121110,20121202
6750,1,1,1,1,1,0,0,20130121,20130206
6247,1,1,1,1,1,0,0,20121108,20130206
7,1,1,1,1,1,0,0,20121210,20130206
35,0,0,0,0,0,1,1,20121209,20130203
6765,1,1,1,1,0,1,1,20121108,20121208
6767,1,1,1,1,0,1,0,20121210,20130206
6768,1,1,1,1,1,0,1,20121209,20130206
1052,1,1,1,1,1,1,0,20121108,20130206
8717,1,1,1,1,1,1,1,20121108,20130206
8718,1,1,1,1,1,0,1,20121210,20130206
2716,1,1,1,1,1,0,1,20121209,20130206
8725,1,1,1,1,1,0,1,20121119,20130206
6769,1,1,1,1,1,0,0,20130107,20130206
6770,1,1,1,1,1,1,0,20121108,20130206
5489,0,0,0,0,0,1,0,20121119,20121208
299,0,0,1,0,0,0,0,20121114,20121205
6101,1,1,0,1,1,0,0,20121108,20121207
903,0,0,0,0,0,1,1,20121119,20121208
7182,0,0,0,0,0,1,1,20121209,20130203
7181,0,1,1,0,0,0,0,20121225,20130101
7180,0,0,0,0,0,1,1,20121209,20130203
7187,0,0,0,0,0,0,1,20121209,20130203
7186,0,0,0,0,0,0,1,20121119,20121202
2754,0,0,0,0,0,1,0,20121215,20130202
7183,0,0,0,0,0,1,1,20121110,20130203
7174,1,1,1,1,1,0,0,20121210,20130206
7190,0,0,0,0,0,0,1,20121111,20130203
7185,0,0,0,0,0,1,0,20121110,20130202
7178,1,1,1,1,1,0,1,20121209,20130206
7177,1,1,1,1,1,0,0,20121119,20130206
6909,1,1,1,1,1,0,0,20121210,20130206
7141,1,1,1,1,1,0,0,20121108,20130206
7193,1,1,1,1,1,1,1,20121108,20130206
7191,1,1,1,1,1,1,0,20121210,20130206
7194,1,1,1,1,1,1,0,20121108,20130206
7192,1,1,1,1,1,1,1,20121209,20130206
7202,0,0,0,0,0,0,1,20121111,20130203
7200,0,0,0,0,0,1,0,20121110,20130202
7201,0,0,0,0,0,0,1,20121209,20130203
5743,0,0,0,0,0,1,0,20121215,20130202
7195,1,1,1,1,1,0,0,20121210,20130206
7196,1,1,1,1,1,0,0,20121108,20130206
7197,1,1,1,1,1,0,0,20121108,20130206
7199,1,1,1,1,1,0,0,20121210,20130206
7198,1,1,1,1,1,0,0,20121119,20130206
7206,0,0,0,0,0,1,0,20121110,20130202
7203,1,1,1,1,1,0,0,20121210,20130206
7205,1,1,1,1,1,0,0,20121108,20130206
3916,1,1,1,1,1,0,0,20121210,20130206
7204,1,1,1,1,1,0,0,20121108,20130206
7208,1,1,1,1,1,0,0,20121108,20130125
7207,1,1,1,1,1,0,0,20130128,20130206
7223,1,1,1,1,1,0,0,20121108,20130206
7212,1,0,0,0,0,0,0,20121112,20121207
7218,0,0,0,0,0,0,1,20121216,20130203
879,1,1,1,1,1,1,0,20121210,20121222
7217,0,0,0,0,0,1,0,20121110,20121202
7214,1,1,1,1,1,1,0,20121229,20130206
7213,1,1,1,1,1,0,0,20121210,20130206
7215,1,1,1,1,1,1,0,20121108,20130206
7216,1,1,1,1,1,1,0,20121108,20121221
7220,1,1,1,1,1,0,0,20121108,20130206
7221,1,1,1,1,1,0,0,20121108,20130206
7222,1,1,1,1,1,0,0,20121108,20130206
7219,1,1,1,1,1,0,0,20121108,20121207
7224,1,1,1,1,1,0,0,20121108,20130125
7227,1,1,1,1,0,0,0,20121108,20130124
7228,0,0,0,0,1,0,0,20121109,20130125
7225,1,1,1,1,0,0,0,20130128,20130206
1702,1,1,1,1,0,0,0,20121217,20121220
7233,1,1,1,1,1,0,0,20121108,20130206
7234,1,1,1,1,1,0,0,20121210,20130206
7238,1,1,1,1,1,0,0,20130107,20130111
7242,0,0,0,1,1,0,0,20121108,20121109
7244,1,1,1,1,1,0,0,20121210,20130206
7247,1,0,1,1,1,0,0,20121224,20130106
2719,0,0,0,0,1,0,0,20121109,20130201
7248,1,1,1,1,1,1,1,20121209,20130206
7253,1,1,1,1,0,0,0,20121108,20130206
7250,1,0,1,1,1,0,0,20121224,20130106
4711,0,0,0,0,1,0,0,20130111,20130201
4600,0,1,0,0,1,0,1,20121224,20130106
2720,1,1,1,1,0,0,0,20121108,20130206
7249,0,0,0,0,0,0,1,20121118,20130203
7254,1,1,1,1,1,1,0,20121108,20130206
7255,0,0,0,0,0,0,1,20121111,20130203
7246,1,0,1,1,1,0,0,20121224,20130106
7251,1,0,1,1,1,0,0,20121224,20130106
7252,1,0,1,1,1,0,0,20121224,20130106
6328,1,1,1,1,1,1,0,20121112,20121208
7257,1,1,1,1,1,1,0,20121210,20130206
7260,0,0,0,0,1,0,0,20121109,20130201
7259,1,1,1,1,1,1,0,20121108,20130206
7258,1,1,1,1,1,1,0,20121210,20130206
6516,1,1,1,1,1,1,0,20121108,20121208
7263,1,1,1,1,1,1,0,20121108,20121208
7262,1,0,0,0,1,0,0,20121210,20130204
7266,0,0,0,0,0,1,1,20121210,20130203
7264,1,1,1,1,1,1,0,20121108,20121208
7268,1,1,1,1,1,0,0,20121210,20130206
7267,1,1,1,1,1,1,0,20121210,20130206
7269,1,1,1,1,1,1,0,20121108,20130206
7270,0,0,1,0,0,0,0,20121114,20121205
6137,0,0,1,0,0,0,0,20121212,20130206
7271,1,1,1,1,1,1,0,20121108,20130206
7272,0,0,0,0,0,1,0,20121110,20130202
7276,1,1,1,1,1,1,0,20121109,20130206
1232,0,0,0,0,0,0,1,20121209,20130203
116,0,1,0,0,0,0,0,20121225,20130101
7275,0,0,0,0,0,0,1,20121111,20130203
7274,0,0,0,0,0,1,1,20121110,20130203
6409,0,0,0,0,0,0,1,20121111,20121202
7285,1,1,1,1,1,0,0,20121108,20130206
7282,1,1,1,1,1,1,0,20121210,20130206
7287,1,1,1,1,0,0,0,20121210,20130206
7286,1,1,1,1,0,0,0,20121112,20121206
7281,1,1,1,1,1,1,0,20121108,20121208
7284,1,1,1,1,1,0,0,20121210,20130206
7278,1,1,1,1,1,0,0,20121210,20121223
90,0,1,1,1,1,0,0,20121108,20121207
6463,0,1,1,1,1,0,0,20121211,20130206
7289,0,0,0,0,1,0,1,20121109,20121207
1083,1,1,1,1,0,1,0,20121210,20130206
7288,1,1,1,1,0,1,0,20121110,20121208
7277,0,1,1,1,1,0,0,20130115,20130206
7283,1,1,1,1,1,1,1,20121209,20130206
7279,1,1,1,1,1,1,1,20121108,20121208
1784,1,1,1,1,1,0,0,20121210,20130206
6979,0,0,0,0,0,1,1,20121209,20130203
7290,1,1,1,1,1,1,0,20121210,20130206
7296,1,0,1,1,1,1,0,20121108,20121125
7294,1,1,1,1,1,1,0,20121108,20130206
7295,1,0,1,1,1,0,0,20121108,20121125
7297,0,0,1,0,0,0,0,20121128,20130116
1027,0,0,0,0,1,0,0,20121123,20121130
7303,0,0,0,0,1,0,0,20130118,20130201
7300,1,1,1,1,1,0,0,20130114,20130206
5733,1,1,1,1,1,1,1,20121108,20121208
7298,1,1,1,1,1,1,1,20121209,20130206
844,1,1,1,1,0,0,0,20121108,20130206
7302,0,0,0,0,1,0,0,20121214,20130111
7299,1,1,1,1,1,0,0,20121210,20121223
5799,0,0,0,0,0,1,0,20121108,20121208
7305,1,1,1,1,1,1,0,20121210,20121223
3690,1,1,1,1,1,0,0,20121210,20121214
7304,1,1,1,1,1,1,0,20121215,20130206
7309,0,0,0,0,1,0,0,20130118,20130201
6419,0,1,1,1,1,0,0,20121211,20130206
2722,1,0,0,0,0,0,0,20121119,20121126
7312,1,0,0,0,0,0,0,20130114,20130204
7308,0,0,0,0,1,0,0,20121116,20121207
1457,0,1,1,1,1,1,0,20121211,20130206
2852,0,1,1,1,1,1,0,20121108,20121208
7306,1,1,1,1,1,1,0,20121108,20130206
7311,1,0,0,0,0,0,0,20121210,20130107
7307,0,0,0,0,1,0,0,20121214,20130111
6403,1,0,0,0,0,0,0,20121210,20130204
7313,1,1,1,1,1,1,0,20121210,20130206
1794,1,1,1,1,1,1,0,20121110,20121208
644,1,1,1,1,1,1,0,20121108,20121208
7316,1,1,1,1,1,1,0,20121210,20130206
7314,1,1,1,1,0,1,1,20121110,20121208
7315,1,1,1,1,0,1,1,20121209,20130206
7317,1,1,1,1,1,1,0,20121108,20121208
7319,1,1,1,1,1,1,0,20121210,20130206
7322,1,1,1,1,1,1,1,20121108,20130206
7321,1,1,1,1,1,0,0,20121108,20121207
7320,1,1,1,1,1,1,0,20121108,20130206
7325,1,1,1,1,1,1,0,20121108,20130206
7324,1,1,1,1,1,0,1,20121209,20130206
7323,1,1,1,1,1,0,1,20121108,20121207
6945,1,1,1,1,1,1,1,20121209,20130206
7318,1,1,1,1,1,1,1,20121108,20121208
7387,1,1,1,1,1,0,0,20121210,20130206
3924,1,0,0,0,0,0,0,20121112,20121203
7393,0,0,1,0,0,1,0,20121110,20130206
7394,0,0,1,0,1,1,0,20121114,20121208
4813,0,0,0,0,0,1,1,20121110,20121111
7390,0,0,0,0,0,1,0,20121110,20121208
7391,0,0,1,0,0,1,0,20121212,20130206
7401,1,1,1,1,1,0,0,20121210,20130206
7402,1,1,1,1,1,0,0,20121210,20130206
2685,1,1,1,1,0,0,0,20121108,20121129
7399,1,1,1,1,1,0,0,20121210,20130206
7369,1,1,1,1,1,0,0,20121112,20121207
540,0,0,0,0,0,0,1,20121209,20130203
7403,1,1,1,1,1,0,0,20121210,20130206
7404,1,1,1,1,1,0,0,20121210,20130206
7400,1,1,1,1,1,1,0,20121210,20130206
89,1,0,0,0,0,0,0,20121112,20121203
7398,1,0,0,0,0,0,0,20121210,20130204
7405,1,1,1,1,1,1,1,20121209,20130206
7337,1,1,1,1,1,0,0,20121210,20130104
7338,0,0,0,0,0,1,1,20121209,20130203
7341,1,1,1,1,1,0,0,20130107,20130206
4157,1,1,1,1,1,0,0,20130128,20130206
7342,1,0,0,0,1,0,0,20121210,20130204
7357,0,0,0,0,0,1,0,20121222,20130202
7339,1,1,1,1,1,0,0,20121210,20130104
7358,1,1,1,1,1,1,1,20121209,20130206
7344,0,0,0,0,0,0,1,20121209,20130203
7348,1,1,1,1,1,1,1,20121209,20130106
633,0,0,0,0,1,0,1,20121209,20130203
1228,0,0,0,0,1,0,1,20121109,20121207
1706,1,1,1,1,1,1,0,20121110,20121208
7360,1,1,1,1,0,1,0,20121210,20130206
7359,0,0,0,0,1,0,1,20121209,20130203
7362,1,1,1,1,1,0,0,20121210,20130104
7351,0,0,0,0,0,1,1,20121110,20121208
7352,1,1,1,1,1,0,1,20121209,20130106
6858,1,1,1,1,1,0,0,20121108,20121207
7350,1,1,1,1,1,0,0,20130107,20130125
7355,1,1,1,1,1,0,0,20130107,20130206
7349,1,0,1,1,1,1,0,20121210,20130106
7345,1,1,1,1,1,0,0,20121108,20121116
7343,1,1,1,1,1,0,0,20121210,20130104
7354,1,1,1,1,1,0,0,20121210,20130104
7346,1,1,1,1,1,0,0,20130107,20130125
7366,1,1,1,1,1,1,1,20121110,20121208
7365,1,1,1,1,1,1,0,20121210,20130206
6117,0,0,1,0,0,0,0,20121114,20121205
6172,0,0,1,0,0,0,0,20121212,20130206
7368,1,1,0,1,1,1,0,20121210,20130205
7367,1,1,0,1,1,1,0,20121110,20121208
7372,1,1,1,1,1,0,1,20121209,20130206
7370,1,1,1,1,1,0,1,20121111,20121207
7374,1,1,1,1,1,0,0,20121112,20130104
7375,1,1,1,1,1,0,0,20121210,20130104
7376,1,1,1,1,1,1,1,20121110,20130206
1001,0,0,0,0,1,0,0,20121116,20121207
7378,1,0,0,0,1,0,0,20121224,20130106
7379,0,0,0,0,1,0,0,20130107,20130125
7380,1,0,0,0,0,1,1,20121209,20130204
7386,0,0,0,0,0,0,1,20121111,20130127
1952,1,1,1,1,0,0,0,20121112,20121206
7384,1,1,1,1,1,1,1,20121209,20130127
7382,0,0,0,0,1,0,0,20121109,20130201
7381,1,1,1,1,1,1,1,20121108,20130206
2729,1,1,1,1,1,0,0,20130107,20130111
398,1,0,0,0,0,1,1,20121110,20121208
7388,1,1,1,1,1,0,0,20130107,20130206
6413,0,0,1,0,0,0,0,20121114,20121121
6462,0,1,1,1,1,0,0,20121113,20121207
6179,1,1,1,1,1,0,0,20121112,20130206
7389,1,1,0,1,1,0,0,20121210,20130205
6512,0,0,0,0,0,1,0,20121108,20121208
7395,1,1,1,1,1,1,1,20121209,20130203
986,0,0,0,0,1,0,0,20121109,20130201
7396,1,1,1,1,1,1,0,20121126,20121223
7407,0,0,0,0,1,0,0,20130107,20130125
6194,1,0,0,0,0,0,0,20121210,20130204
7406,1,1,1,1,0,0,0,20121210,20130206
7408,1,1,1,1,1,0,0,20121210,20130201
7409,1,1,1,1,1,0,0,20121210,20130206
7427,1,1,1,1,1,1,0,20121108,20130206
7383,0,0,0,0,1,0,0,20121214,20130201
7419,1,1,0,0,0,0,0,20121217,20121218
7415,1,1,1,1,1,0,0,20130107,20130125
7425,0,0,0,0,1,0,0,20130107,20130125
7444,1,1,1,1,1,0,0,20130107,20130118
7411,1,1,1,1,1,0,0,20121108,20121125
7410,1,1,1,1,1,0,0,20121210,20121223
7412,1,1,1,1,1,1,1,20121209,20130120
750,1,1,1,1,1,1,0,20121210,20121223
761,1,1,1,1,1,1,0,20130114,20130206
765,1,1,1,1,1,1,1,20130114,20130206
92,1,1,1,1,0,0,0,20121108,20121206
157,1,1,0,0,0,0,0,20121112,20121204
7421,0,0,1,1,1,0,1,20121108,20121207
760,1,1,1,1,1,0,1,20121209,20130113
7420,0,0,0,0,0,0,1,20130120,20130203
762,0,0,0,0,0,0,1,20121209,20121223
7422,0,0,0,0,1,0,0,20130118,20130201
5682,1,0,0,0,1,0,0,20121214,20130111
7417,0,0,0,0,0,0,1,20121108,20121207
747,0,0,0,0,0,0,1,20130120,20130203
7413,1,1,1,1,1,0,1,20121219,20130113
7418,1,1,1,1,1,1,1,20121209,20130113
7423,1,1,0,0,1,0,1,20121224,20130106
7424,0,0,0,0,0,0,1,20130128,20130203
7426,1,1,1,1,0,0,0,20121224,20130206
5675,1,1,1,1,1,0,0,20130114,20130206
7433,1,1,1,1,1,1,1,20121210,20130206
815,1,0,0,0,0,0,0,20121210,20130204
7428,0,1,1,1,1,1,1,20121126,20121208
7430,1,1,1,1,1,0,1,20121108,20130203
7439,1,1,1,1,0,1,0,20121108,20130206
7437,1,1,1,1,1,1,1,20121108,20121208
7438,1,1,1,1,1,0,1,20121108,20130206
7450,0,1,0,1,0,0,0,20121127,20121129
7448,1,1,1,1,1,0,0,20121108,20121125
7449,1,0,1,0,1,0,0,20121126,20121130
767,0,0,0,0,0,1,0,20121215,20130112
751,0,0,0,0,0,1,0,20130119,20130202
7441,1,0,1,1,1,0,0,20121221,20130104
7442,1,1,1,1,1,0,0,20130128,20130206
3834,1,1,1,1,1,0,0,20121210,20121220
7443,1,0,1,1,1,0,0,20121219,20130104
7446,1,1,1,1,0,0,0,20130114,20130206
7447,1,1,1,1,0,0,0,20121210,20121223
7452,1,1,1,1,1,1,1,20121209,20130106
7451,1,1,1,1,1,1,0,20121210,20130206
7453,0,0,0,0,1,0,1,20121109,20121207
7534,0,0,0,0,0,1,0,20121110,20121208
7456,1,1,1,1,1,0,0,20121126,20121223
6630,0,0,0,0,0,1,1,20121110,20130203
7460,0,0,0,0,0,0,1,20121111,20130203
7459,0,0,0,0,0,1,1,20121110,20130202
7457,0,0,0,0,0,1,1,20121110,20130203
7458,0,0,0,0,0,1,0,20121110,20130202
628,1,1,1,1,1,0,0,20121108,20121130
2103,1,1,1,1,1,0,0,20130114,20130201
7497,1,1,1,1,1,0,0,20121108,20121202
7532,1,1,1,1,1,0,0,20121210,20121223
7531,1,1,1,1,1,0,0,20121108,20121207
1357,0,0,0,0,0,1,1,20121110,20121208
7455,0,0,0,0,0,1,0,20121201,20121208
7134,0,0,0,0,0,0,1,20121111,20130203
7454,1,1,1,1,1,0,0,20121127,20121223
7495,0,0,0,0,0,0,1,20121111,20121125
3590,0,0,0,0,0,1,1,20121110,20121208
7516,0,0,0,0,0,1,1,20121209,20130203
2411,0,0,0,1,1,0,0,20121108,20121109
6129,1,1,1,1,1,0,0,20121108,20121207
6175,0,0,0,1,1,1,0,20121108,20121110
7529,0,0,0,0,0,0,1,20121111,20121125
7557,0,0,0,1,1,1,0,20121108,20121110
868,0,0,0,1,1,0,1,20121108,20121111
6527,1,1,1,1,1,0,1,20121112,20121207
591,0,0,0,0,0,0,1,20121118,20121202
6623,0,0,0,0,0,1,1,20121117,20130203
7480,1,1,1,1,1,0,0,20121108,20130206
866,1,1,1,0,0,0,0,20130204,20130206
5704,1,1,1,1,1,0,0,20121108,20130201
7462,0,0,0,0,0,1,0,20121215,20130202
7470,1,1,1,1,1,1,0,20121108,20130202
102,0,0,0,0,0,1,0,20121110,20121201
7464,1,1,1,1,1,1,0,20121108,20130206
7465,1,1,1,1,1,0,0,20121210,20121223
7467,0,0,0,0,0,1,0,20121108,20121208
7466,1,1,1,1,1,0,0,20121108,20130206
7468,1,1,1,1,1,1,0,20121210,20121223
7469,1,1,1,0,0,0,0,20130204,20130206
7474,0,0,0,0,0,1,1,20121110,20130203
5730,0,0,0,0,0,0,1,20121111,20130203
7471,0,0,0,0,0,1,0,20121110,20121208
7472,1,1,1,1,1,1,0,20121210,20130202
7473,1,1,1,1,1,0,0,20121126,20130201
1540,0,0,0,0,0,0,1,20121209,20130203
6524,1,1,1,1,1,0,0,20121112,20130206
7477,1,1,1,1,1,0,0,20121210,20130206
7487,1,1,1,1,1,0,0,20121210,20121223
7486,1,1,1,1,1,1,1,20121209,20130206
7489,1,1,1,1,0,0,0,20130121,20130129
7484,1,1,1,1,1,0,1,20121209,20130206
1089,0,0,0,0,0,0,1,20121111,20121125
7496,0,0,0,0,0,0,1,20121209,20130203
7494,0,0,0,0,0,1,1,20121209,20130203
7493,0,0,0,0,0,1,1,20121110,20121208
7491,1,1,1,1,1,1,1,20121108,20130206
7485,0,0,0,0,0,1,0,20121108,20121208
7483,1,1,1,1,1,0,0,20121210,20121223
7499,0,0,0,0,0,0,1,20121111,20130203
7498,0,0,0,0,0,1,0,20121110,20130202
7500,0,0,0,0,0,0,1,20121111,20130203
4222,0,0,0,0,0,0,1,20121209,20130203
7512,0,0,0,0,0,1,0,20121110,20121208
7509,1,1,1,1,1,0,0,20121210,20130125
7525,1,1,1,1,1,0,1,20121209,20130206
7523,1,1,1,1,1,1,1,20121209,20130206
7517,0,0,0,0,0,0,1,20121111,20121202
7515,0,0,0,0,0,1,1,20121110,20121208
7518,0,0,0,0,0,0,1,20121209,20130127
7530,0,0,0,0,0,1,1,20121110,20121208
7527,0,0,0,0,0,1,1,20121110,20121208
7522,1,1,1,1,1,1,0,20121108,20121208
1862,0,0,0,0,0,0,1,20121125,20121126
7501,1,1,1,1,1,1,0,20121108,20121208
6268,0,0,0,0,0,0,1,20121111,20130203
2183,0,0,0,0,0,1,1,20121110,20121208
7502,0,0,0,0,0,1,1,20121110,20130203
7505,1,1,1,1,1,0,0,20121210,20130206
7507,1,1,1,1,1,0,0,20121210,20130206
7503,1,1,1,1,1,0,0,20121108,20130206
7601,1,1,1,1,1,0,0,20121210,20121223
7605,1,1,1,1,1,0,0,20121210,20130201
6224,1,1,1,1,0,0,1,20121209,20130206
7603,1,1,1,1,0,0,0,20130114,20130131
7604,0,0,0,0,1,0,0,20130118,20130201
7609,0,0,0,0,0,0,1,20121111,20130203
7551,1,1,1,1,1,0,0,20130128,20130206
7533,1,1,1,1,1,0,0,20130121,20130130
7514,1,1,1,1,1,0,1,20121209,20130127
7508,1,1,1,1,1,1,0,20121108,20121208
7510,1,1,1,1,1,1,0,20121210,20130126
7519,0,0,0,0,0,1,0,20121215,20130202
1780,0,0,0,0,0,0,1,20121111,20121202
7536,0,0,0,0,0,0,1,20121111,20130203
7535,0,0,0,0,0,1,1,20121110,20130203
7547,0,0,0,0,0,1,0,20130107,20130202
7537,1,1,1,1,1,0,0,20121210,20130206
7541,1,1,1,1,1,1,0,20121210,20130206
7539,1,1,1,1,1,0,0,20121211,20130206
7544,1,1,1,1,1,0,0,20121210,20121223
7545,1,1,1,1,1,0,0,20130121,20130201
7538,0,1,1,1,1,0,0,20121108,20121207
7543,1,1,1,1,1,0,0,20130107,20130206
7550,1,1,1,1,1,0,0,20121210,20130125
7588,1,1,1,1,1,0,0,20121210,20130104
7587,1,1,1,1,1,0,0,20121108,20121123
2112,0,0,0,0,0,1,0,20121215,20130202
7549,0,0,0,0,0,1,0,20121110,20121208
7552,1,1,1,1,1,0,0,20121112,20130201
7569,1,1,1,1,1,1,1,20121210,20130203
7553,1,1,1,0,0,0,0,20130204,20130206
7558,1,1,1,0,0,0,0,20130204,20130206
7566,0,0,0,0,0,0,1,20121209,20130120
1728,0,0,0,0,0,0,1,20121118,20121125
7562,1,1,1,1,1,1,0,20121210,20130202
7554,1,1,1,1,1,0,0,20121210,20130125
7555,1,1,1,1,1,0,0,20130128,20130206
7567,0,0,0,0,0,0,1,20130127,20130203
7568,0,0,0,0,0,1,0,20121117,20121208
6782,1,1,1,1,1,0,0,20130128,20130201
7565,1,1,1,0,0,0,0,20130204,20130206
6567,1,1,1,1,1,0,0,20121108,20121127
7572,1,1,1,1,1,0,1,20121108,20121207
7573,1,1,1,1,1,0,1,20121209,20130203
7571,1,1,1,1,1,1,0,20130121,20130206
6804,1,1,1,1,1,0,0,20130107,20130118
7575,1,1,1,1,1,0,0,20130121,20130206
132,1,1,1,1,1,1,1,20121108,20121125
7579,1,1,1,1,1,1,0,20121108,20121208
7583,1,1,1,1,1,1,1,20121209,20130206
7574,1,1,1,1,1,0,0,20130107,20130120
7589,0,0,1,1,1,0,0,20130102,20130104
7586,0,0,0,0,0,1,0,20121215,20130126
7591,1,1,1,1,1,1,0,20121108,20130206
7592,0,0,0,0,0,1,0,20121117,20130202
7593,0,0,1,0,0,0,0,20121114,20130206
7602,1,1,1,1,1,0,0,20130114,20130206
7606,1,1,1,0,0,0,0,20130204,20130206
7598,1,1,1,1,1,0,0,20121108,20121207
7607,1,1,1,1,1,0,0,20121112,20121130
7595,1,1,1,1,1,0,0,20121108,20130206
7596,1,1,1,1,1,0,0,20121210,20121223
7597,1,1,1,1,1,0,0,20130121,20130206
7614,0,0,0,0,0,1,1,20121209,20130202
7613,1,1,1,1,1,0,0,20121108,20130206
6615,1,1,1,1,1,1,1,20121108,20130206
7617,1,1,1,1,1,1,0,20121210,20130206
5787,1,1,1,1,1,1,0,20121108,20130206
7619,1,1,1,1,1,0,1,20121108,20130206
7622,1,1,1,1,1,0,0,20121108,20130206
7624,1,1,1,1,1,1,0,20121108,20130206
7625,0,0,0,0,1,1,1,20121209,20130203
7626,0,0,0,0,1,0,0,20121214,20130201
7623,1,1,1,1,0,1,0,20121210,20130206
6405,1,1,1,1,1,1,0,20130107,20130206
7629,0,0,0,0,0,1,0,20121215,20130202
7655,1,1,1,1,1,0,0,20121108,20121122
7675,1,1,1,1,1,0,0,20121119,20121209
7667,1,0,1,1,1,0,0,20121224,20130106
7682,1,1,1,1,1,0,1,20121108,20130206
7679,0,0,0,0,0,0,1,20121111,20130203
7689,1,1,1,1,1,0,0,20121126,20130206
7681,1,1,1,1,1,0,0,20121126,20121207
7688,1,1,1,1,1,0,1,20121108,20121207
7687,1,1,1,1,1,0,0,20121108,20121207
781,1,1,1,1,0,0,0,20121119,20121122
7632,1,0,0,0,0,0,0,20130114,20130121
7631,1,1,1,1,1,0,0,20121210,20121223
7640,0,0,0,0,0,1,0,20121117,20130202
7643,0,0,0,0,0,1,1,20121117,20130203
7630,1,1,1,1,1,1,0,20121108,20130206
7638,1,1,1,1,1,1,1,20121108,20130206
7636,1,1,1,1,1,1,1,20121108,20121208
5758,1,1,1,1,1,0,1,20121209,20130203
7657,0,0,0,0,0,1,1,20121209,20121223
7652,1,1,1,1,1,1,1,20121209,20130203
7645,1,1,1,1,1,1,1,20121209,20130203
5723,0,0,0,0,0,0,1,20121118,20121202
7651,1,1,1,1,1,1,1,20121111,20121208
7646,1,1,1,1,1,0,1,20121108,20130203
7648,1,1,1,0,0,0,0,20130204,20130206
7649,0,0,0,0,0,0,1,20121209,20121223
7744,1,1,1,1,1,1,1,20121108,20130203
7742,0,0,0,0,0,1,1,20121110,20121208
7743,0,0,0,0,0,1,1,20121209,20130203
7663,1,1,1,1,1,1,0,20121108,20130206
7666,1,1,1,1,1,1,0,20121108,20130206
7665,1,1,1,1,1,0,1,20121108,20130206
7672,1,1,1,1,1,1,0,20121108,20121207
7668,1,1,1,1,1,1,0,20121108,20130206
3264,0,0,0,0,0,1,1,20121215,20130203
1488,0,1,1,1,1,0,0,20121120,20121123
7686,1,1,1,1,1,0,1,20121108,20121202
7670,0,0,0,0,0,1,0,20121110,20130202
7677,1,1,1,1,1,0,0,20121108,20121207
776,1,1,1,1,1,0,1,20121108,20121207
7690,1,1,1,1,1,1,1,20121209,20130206
772,1,1,1,1,1,0,0,20121108,20121207
7684,0,0,0,0,0,0,1,20121110,20121209
778,1,1,1,1,1,0,0,20121108,20121207
7692,1,0,0,0,0,0,0,20121112,20130204
7695,0,0,0,0,0,1,0,20121215,20130202
5749,1,1,1,1,1,0,0,20121210,20130206
5750,1,1,1,1,1,0,0,20121108,20130206
7698,0,0,0,0,0,1,0,20121110,20130202
7708,1,1,1,1,1,0,1,20121209,20130206
7705,1,1,1,1,1,0,1,20121209,20130206
7697,1,1,1,0,0,0,0,20130204,20130206
7707,0,0,0,0,0,0,1,20121209,20130203
7700,0,0,0,0,0,0,1,20121111,20130203
6902,0,0,0,0,0,0,1,20121111,20121118
7704,1,1,1,0,0,0,0,20130204,20130206
7709,1,1,1,1,0,1,0,20121210,20130206
7737,1,1,1,0,0,0,0,20130204,20130206
7703,1,1,1,0,0,0,0,20130204,20130206
7693,0,1,1,1,1,1,0,20121108,20130206
7696,1,1,1,1,1,0,0,20121210,20130201
7701,1,1,1,1,1,0,0,20121210,20130201
7713,1,0,1,1,1,1,0,20121126,20121209
7714,1,1,1,1,1,0,0,20121108,20130206
7710,1,0,1,1,1,0,0,20121126,20121209
5695,1,0,1,1,1,0,0,20121224,20130106
7711,1,1,0,1,1,1,0,20121108,20121208
7716,1,0,1,1,1,0,0,20121126,20121207
7719,0,0,0,0,0,1,1,20130202,20130203
6467,0,0,0,0,0,1,0,20121229,20130105
7720,1,1,1,1,1,1,1,20121209,20130127
7718,1,0,1,1,1,0,0,20121126,20121207
7722,0,0,0,0,1,1,0,20121109,20121208
7725,0,1,1,1,1,1,0,20121108,20130206
7734,1,1,1,1,1,0,0,20121203,20121223
7726,1,1,1,1,1,0,0,20121210,20121223
7727,1,1,1,1,1,0,0,20121108,20130206
7735,1,1,1,1,1,0,0,20121210,20130206
7731,1,1,1,1,1,1,0,20121110,20130206
7729,1,1,1,1,1,0,0,20121112,20130206
7730,1,1,1,1,1,0,0,20121108,20130206
7733,1,1,1,1,1,0,0,20121112,20121202
7736,1,1,1,1,1,0,0,20121108,20130206
7740,1,1,1,0,0,0,0,20130204,20130206
7747,1,1,0,0,0,0,0,20130204,20130205
958,1,1,1,1,1,0,0,20121108,20130206
7750,0,0,0,0,0,1,1,20121118,20121208
7749,1,1,1,1,1,1,0,20121108,20121208
7751,1,1,1,1,1,0,0,20121210,20130201
7748,1,1,1,1,1,1,0,20121108,20121208
7752,1,1,1,0,0,0,0,20130204,20130206
7753,1,1,1,1,1,1,0,20121108,20130206
805,0,0,0,0,0,0,1,20121111,20130203
7755,0,0,0,0,0,0,1,20121209,20130203
7761,0,0,0,0,0,1,1,20121209,20130203
1438,0,0,0,0,0,0,1,20121110,20121208
7757,0,0,0,0,0,1,0,20121215,20130202
7759,0,0,0,0,0,1,1,20121209,20130203
7758,0,0,0,0,0,1,0,20121110,20130202
7762,0,0,0,0,0,1,1,20121110,20130203
7760,0,0,0,0,0,1,1,20121110,20130203
6,0,0,0,0,1,1,0,20121214,20130202
1436,0,0,0,0,0,1,0,20121117,20121201
6232,0,1,1,1,1,0,0,20121108,20130206
7769,1,0,0,0,0,1,0,20121210,20130204
5235,1,0,0,0,0,1,0,20121110,20121208
386,0,0,0,0,1,1,0,20121109,20121208
7771,1,1,0,1,0,0,0,20121210,20130205
7772,0,0,1,0,0,0,0,20121212,20130206
7770,0,0,1,0,0,0,0,20121114,20121205
1174,1,1,0,1,0,0,0,20121108,20121206
6334,0,0,0,0,0,1,0,20121110,20130202
6148,0,0,0,0,1,1,0,20121109,20130202
6227,0,0,0,0,1,1,1,20121109,20130203
7776,0,0,0,0,0,1,0,20121222,20121229
7774,0,0,0,0,0,1,0,20121110,20121208
1047,0,0,0,0,0,1,1,20121209,20130203
567,0,0,0,1,1,0,0,20121213,20130201
1080,0,0,0,1,1,0,0,20121108,20121207
7773,0,0,0,0,0,1,0,20121110,20121208
7777,1,1,1,1,1,1,0,20121108,20121208
1229,1,1,1,1,0,1,0,20121108,20121208
3382,1,1,1,1,0,1,1,20121108,20121208
7779,1,0,0,0,0,0,0,20121108,20121206
7780,0,1,1,1,0,0,0,20121113,20121122
7782,1,0,0,0,1,0,0,20121108,20121207
1388,0,0,0,0,0,0,1,20121209,20130203
7783,0,0,0,0,0,1,1,20121209,20130203
7781,1,0,0,0,1,1,1,20121108,20121208
7784,1,1,1,1,0,1,1,20121209,20130206
1033,0,0,0,0,0,0,1,20121111,20130203
2642,0,0,0,0,0,1,0,20121215,20130202
7786,0,0,0,0,1,0,0,20121214,20130201
7785,1,0,1,1,1,0,0,20121224,20130104
7788,0,0,0,0,0,0,1,20121111,20130203
7787,1,0,0,0,0,0,0,20121108,20121207
987,0,0,0,0,1,0,0,20121109,20130201
6555,1,0,0,0,0,0,0,20121210,20130204
7789,0,1,1,1,1,0,0,20121211,20130206
7898,1,1,1,1,1,0,0,20121108,20130206
7903,1,1,1,1,1,0,0,20121108,20130206
7899,1,1,1,1,1,0,0,20121210,20130206
7896,1,1,1,1,1,0,0,20121108,20130206
7790,0,1,1,1,1,0,0,20121108,20130206
7895,1,1,1,1,1,0,0,20121210,20130206
7900,1,1,1,1,1,0,0,20121108,20130206
7792,1,1,1,1,1,0,0,20121210,20130206
7902,0,0,0,0,1,0,1,20121209,20130203
7791,1,1,1,1,1,0,0,20121210,20130206
5797,1,1,1,1,1,1,0,20121108,20121208
7897,0,1,1,1,1,1,0,20121211,20130206
6169,1,0,0,0,0,0,0,20121112,20130204
7793,0,0,0,0,1,0,0,20121109,20130201
7794,1,0,0,0,0,0,0,20121112,20130204
7795,0,1,1,1,1,0,0,20121108,20130206
7797,1,1,0,1,1,1,1,20121108,20121208
7798,1,1,0,1,1,1,1,20121209,20130205
6151,0,0,1,0,0,0,0,20121212,20130206
6248,0,0,1,0,0,0,0,20121114,20130206
7796,1,1,0,1,1,0,1,20121108,20130205
7811,1,1,1,1,1,1,0,20121110,20121208
7805,0,0,0,0,0,1,0,20121110,20130202
7817,1,1,1,1,1,1,1,20121108,20130206
7815,1,1,1,1,1,0,0,20121108,20130206
7813,0,0,0,0,0,0,1,20121111,20130203
7799,1,1,1,1,1,0,0,20121108,20130206
7804,1,1,1,1,1,1,0,20121108,20130206
7812,1,1,1,1,1,0,0,20121108,20130206
7822,0,0,0,0,1,1,0,20121109,20130202
7810,0,0,0,0,0,1,1,20121110,20130203
7800,1,1,1,1,1,0,0,20121224,20130206
7801,1,1,1,1,1,0,0,20121210,20130206
7806,1,1,1,1,1,0,0,20121108,20130125
7803,0,0,0,0,0,1,0,20121110,20130202
7809,0,0,0,0,0,0,1,20121111,20130203
7819,1,1,1,1,1,0,0,20121210,20130206
1387,0,0,0,0,1,0,0,20121214,20130201
7816,1,1,1,1,0,0,0,20121210,20130206
7802,0,0,0,0,0,1,0,20121215,20130202
7814,1,1,1,1,1,1,0,20121210,20130206
7821,1,1,1,1,0,0,0,20121210,20130206
7823,0,0,0,0,1,0,0,20121214,20130201
7807,1,1,1,1,1,0,0,20121210,20130125
7808,1,1,1,1,1,0,0,20130128,20130206
7825,0,0,1,0,0,0,0,20121121,20130206
6136,0,0,0,0,0,0,1,20121111,20130203
7831,1,1,1,1,1,0,0,20121108,20130206
6502,1,1,1,1,1,0,0,20121119,20130206
7828,1,1,0,1,1,0,0,20121108,20121116
7827,1,1,1,1,1,1,0,20121119,20130206
7830,1,1,1,1,0,0,0,20121108,20121115
7829,1,1,1,1,1,1,1,20121109,20130206
7826,0,0,1,0,0,0,0,20121121,20121205
7832,1,0,0,0,0,0,0,20121224,20130204
7834,1,0,1,1,1,0,0,20121224,20130106
7837,1,1,1,1,1,0,0,20121108,20130125
7836,0,0,0,0,0,0,1,20121111,20130206
304,0,0,0,0,0,1,0,20121110,20121208
7833,1,0,0,0,0,0,0,20121224,20130204
7835,1,0,1,1,1,0,0,20121224,20130106
7840,1,1,1,1,0,0,0,20130121,20130206
7839,0,0,0,0,0,1,1,20121110,20121208
7838,0,0,0,0,1,1,1,20121215,20130203
7842,1,1,1,1,1,1,0,20121210,20130202
7844,0,0,0,0,0,0,1,20130107,20130127
7843,1,1,0,1,0,0,0,20121210,20130124
3733,1,1,1,1,0,0,0,20121224,20130206
7845,1,0,1,1,1,0,0,20121224,20130106
7846,0,0,0,0,0,0,1,20121111,20121202
7841,1,0,0,0,0,0,0,20121210,20121223
7848,1,1,1,1,1,0,0,20121210,20130125
7847,0,0,0,0,0,1,1,20121209,20130206
7849,1,0,1,1,0,0,0,20121224,20130106
2579,0,0,0,0,0,1,1,20121110,20121208
7850,1,1,1,1,0,0,0,20121210,20130124
877,1,1,1,1,1,0,0,20121224,20130206
7851,1,1,1,1,0,0,0,20130102,20130206
709,0,0,0,0,1,0,0,20121214,20130201
7853,1,1,1,1,1,0,0,20121210,20130206
7854,0,0,0,0,0,1,0,20121108,20130202
7855,1,1,1,1,1,0,0,20121210,20130125
7856,1,1,1,1,1,1,0,20121210,20130206
7032,1,1,1,1,1,1,0,20121210,20130202
7858,0,0,0,0,0,1,0,20121215,20130202
7857,1,1,1,1,1,0,0,20121210,20130201
5034,0,0,0,0,0,1,0,20121110,20121208
6141,0,0,0,0,1,0,0,20121214,20130201
387,1,1,1,1,0,1,1,20121108,20121208
7862,1,1,1,1,0,0,0,20121108,20121206
243,0,0,0,0,1,0,0,20121109,20121207
588,0,0,0,0,1,0,1,20121109,20121207
7859,1,1,0,1,0,1,1,20121108,20121208
7860,1,1,1,1,1,0,0,20121108,20121207
7861,0,0,1,0,0,0,0,20121114,20121205
6124,1,1,1,1,1,0,0,20121210,20130206
6425,1,1,0,1,0,0,0,20121112,20121206
6139,1,1,0,1,0,0,0,20121210,20130205
7869,0,0,1,0,1,0,0,20121109,20121207
7868,0,0,0,0,0,0,1,20121111,20121202
7866,0,0,1,0,1,0,0,20121212,20130206
6096,1,1,0,1,0,0,0,20121108,20121206
7867,0,0,1,0,1,0,0,20121109,20121207
7863,0,0,1,0,1,1,1,20121209,20130206
7864,0,0,1,0,0,1,1,20121110,20121208
7865,0,0,1,0,0,0,1,20121111,20121205
7870,1,1,1,1,1,0,0,20121210,20130206
7871,1,1,1,1,1,0,0,20121108,20130125
7872,1,1,1,1,1,1,0,20121210,20130202
297,0,0,1,0,0,1,0,20121110,20121208
7873,0,0,1,0,0,1,0,20121212,20130206
7874,0,0,0,0,0,1,0,20130107,20130127
4606,1,1,1,1,0,0,0,20121108,20121206
7876,0,0,0,0,1,0,0,20121214,20130201
7877,1,1,1,1,1,0,0,20121210,20130206
7879,1,1,1,1,1,1,1,20121209,20130206
7880,0,0,0,0,0,1,1,20121110,20130203
7883,1,0,1,1,1,0,0,20121126,20121209
384,1,1,1,1,1,1,1,20121108,20121208
6144,1,1,1,1,0,1,1,20121108,20130206
7881,1,1,1,1,1,0,0,20121210,20130206
7882,1,1,1,1,1,0,0,20121210,20130206
1157,0,1,1,1,1,0,0,20121211,20130206
7934,1,1,1,1,1,0,0,20121210,20130206
7894,1,1,1,1,1,1,1,20121209,20130206
7887,1,1,1,1,1,0,0,20121108,20121219
7886,1,1,1,1,1,0,0,20121220,20130206
7884,1,0,0,0,0,0,0,20121112,20130204
7890,0,0,0,0,1,0,1,20121209,20130203
1687,0,0,0,0,1,0,0,20121119,20121130
7885,1,1,1,1,1,1,0,20130107,20130206
7893,1,1,1,1,1,0,0,20121224,20130206
7891,0,1,1,1,1,1,0,20121211,20130206
7892,1,1,1,1,1,1,0,20121210,20130206
6824,1,1,1,1,1,1,0,20121108,20121208
7901,1,1,1,1,0,0,0,20121108,20130206
7904,1,1,1,1,1,0,1,20121209,20130206
7905,1,1,1,1,0,0,0,20121108,20130206
7914,0,0,0,0,0,1,0,20121215,20130202
6256,0,0,0,0,0,0,1,20121111,20130203
3970,1,1,1,1,0,0,0,20121210,20130206
7911,0,0,0,0,0,0,1,20121111,20130203
7908,1,1,1,1,1,1,1,20121209,20130206
7907,0,0,0,0,0,1,1,20121110,20130203
7906,0,0,0,0,0,1,0,20121110,20130202
7912,0,0,0,0,0,1,0,20121110,20130202
2061,1,1,1,1,1,1,1,20121209,20130206
7913,1,1,1,1,0,0,1,20121209,20130206
7910,0,0,0,0,1,0,0,20121109,20130201
2750,1,1,1,1,1,0,1,20121209,20130206
4395,0,0,0,0,0,1,1,20121209,20130203
7918,1,1,1,1,1,1,0,20121210,20130206
4379,0,0,0,0,0,1,1,20121209,20130203
7915,0,0,0,0,0,1,0,20121215,20130202
5004,0,0,0,0,0,1,0,20121215,20130202
7927,0,0,0,0,1,0,0,20121214,20130201
5303,0,0,0,0,1,0,0,20121130,20121207
7931,1,1,1,1,1,0,1,20121209,20130206
7932,0,0,0,0,0,0,1,20121111,20121207
7928,1,1,1,1,1,1,1,20121209,20130206
7920,1,1,1,1,1,0,0,20121126,20121207
7921,1,1,1,1,1,0,0,20121210,20130206
7919,1,0,0,0,0,0,0,20121210,20130204
7924,0,0,0,0,1,0,0,20121214,20130201
7926,1,1,1,1,1,0,0,20121210,20130206
7922,1,1,1,1,1,1,1,20121209,20130206
7925,1,1,1,1,1,0,0,20121210,20130206
7923,1,1,1,1,0,1,0,20121108,20130206
6566,0,0,0,0,1,0,0,20121109,20121123
7930,1,0,1,1,0,0,0,20121108,20121125
7929,1,1,1,1,0,0,1,20121108,20130206
7933,1,1,1,1,1,0,0,20130107,20130206
7935,1,1,1,1,0,1,0,20121210,20130206
272,1,1,1,1,0,1,0,20121108,20121208
7936,1,1,1,1,1,0,0,20121108,20130206
7937,1,0,1,1,1,0,0,20121126,20121209
7976,1,1,1,1,1,0,0,20121108,20130206
7939,0,1,1,1,1,0,0,20130108,20130206
1670,1,1,1,1,0,0,0,20130107,20130206
6577,0,0,0,0,0,0,1,20130107,20130203
7971,0,0,0,0,0,1,1,20121209,20130203
7972,1,1,1,1,1,0,0,20130107,20130206
7938,0,1,1,1,1,0,0,20121211,20130104
7943,1,1,1,1,0,0,0,20121108,20130103
7947,1,1,1,1,1,0,0,20121210,20130206
7946,1,0,0,0,0,0,0,20121112,20130204
7955,1,1,1,1,1,1,1,20121209,20130206
7966,0,0,0,0,0,0,1,20121209,20130203
7959,0,0,0,0,0,1,0,20121215,20130202
7969,1,1,1,1,0,0,0,20121210,20130206
7965,0,0,0,0,1,0,0,20121214,20130201
7952,1,1,1,1,1,1,0,20121108,20130206
7967,0,0,0,0,1,0,1,20121209,20130203
7961,1,1,1,1,1,0,1,20121209,20130206
7957,1,1,1,1,1,1,1,20121209,20130206
7950,1,1,1,1,1,0,0,20121108,20130206
7948,1,1,1,1,1,0,0,20121108,20130206
7964,1,1,1,1,1,1,0,20121210,20130206
7953,1,1,1,1,1,0,0,20121210,20130206
7962,1,1,1,1,1,1,0,20121108,20130206
7960,1,1,1,1,1,0,0,20121210,20130206
7963,1,1,1,1,1,0,0,20121108,20130206
7954,0,0,0,0,0,0,1,20121111,20130203
7968,0,0,0,0,0,1,1,20121110,20130203
7970,0,0,0,0,0,1,0,20121110,20130202
7958,1,1,1,1,1,1,1,20121108,20130206
7956,1,1,1,1,1,1,0,20121210,20130206
7951,1,1,1,1,1,0,0,20121210,20130206
7949,1,1,1,1,1,1,0,20121108,20130206
7973,1,1,1,1,1,0,0,20121203,20121207
3935,0,0,0,0,0,1,1,20121209,20130203
7975,0,0,0,0,1,1,0,20121214,20130202
7981,0,0,0,0,1,0,0,20121116,20130201
7978,1,1,1,1,1,0,0,20121210,20130206
7984,0,0,0,0,1,0,1,20121216,20130203
7985,0,0,0,0,0,0,1,20121111,20121207
7980,1,1,1,1,1,0,0,20121119,20121123
7983,1,1,1,1,1,0,0,20121108,20121207
7989,1,1,1,1,0,0,0,20121210,20121219
7986,1,1,1,1,0,0,0,20121108,20121206
7987,1,1,1,1,0,1,0,20130107,20130206
324,1,1,1,1,0,0,0,20121108,20121206
7990,1,1,1,1,1,1,0,20121108,20121208
4262,1,1,1,1,1,0,0,20121108,20121122
1505,0,0,0,0,0,0,1,20121209,20130203
8003,1,1,1,1,1,1,0,20121210,20130113
5788,1,1,1,1,1,1,1,20121209,20130206
8001,1,1,1,1,1,0,0,20130114,20130118
7993,1,0,0,0,0,0,0,20121112,20121207
7994,0,1,1,1,1,0,0,20121108,20121118
7997,0,0,0,0,0,0,1,20121209,20130203
8002,0,1,1,0,0,0,0,20130205,20130206
8000,1,1,1,1,1,1,0,20121210,20130113
7996,0,1,1,0,0,0,0,20130205,20130206
7999,1,1,1,1,1,1,0,20121110,20121208
7991,1,1,1,1,1,0,0,20121210,20130204
7995,1,1,1,1,1,1,0,20121210,20130204
7992,0,1,1,0,0,0,0,20130205,20130206
8005,1,1,1,1,1,1,1,20121209,20130204
8004,0,1,1,0,0,0,0,20130205,20130206
8007,1,1,1,1,1,1,1,20121221,20130204
8011,0,0,0,0,0,0,1,20121223,20130203
8009,1,1,1,1,1,1,1,20121221,20130206
8008,1,1,1,1,1,1,1,20121108,20121220
8010,0,0,0,0,0,0,1,20121209,20130203
8006,1,1,1,1,1,1,1,20121108,20130204
3371,1,1,1,1,1,1,1,20121209,20121220
8014,0,0,0,0,1,0,0,20121214,20130201
103,0,0,0,0,1,0,1,20121109,20121207
8016,0,0,0,0,1,0,1,20121209,20121216
8018,1,1,1,1,1,1,0,20121210,20121220
3455,1,1,1,1,1,1,0,20121210,20121221
8012,1,1,1,1,1,1,0,20121222,20130206
8013,1,1,1,1,1,1,0,20130107,20130202
884,0,0,0,0,0,0,1,20121223,20130203
501,0,0,0,0,1,0,0,20121221,20130201
8017,1,1,1,1,1,1,0,20121221,20130206
8015,0,0,0,0,1,0,1,20121221,20130203
8019,0,0,0,0,0,1,1,20121119,20121208
8020,1,1,1,1,1,1,1,20121209,20130127
380,0,0,0,0,0,1,1,20121110,20121208
8024,1,0,0,0,0,0,0,20121210,20130204
8026,0,0,0,0,0,1,0,20121108,20121208
8021,1,1,0,0,0,0,0,20130107,20130118
8022,1,1,1,1,1,1,1,20121209,20130206
8025,0,1,1,1,1,0,0,20121211,20130206
8029,1,1,1,1,1,1,1,20121108,20121208
8027,1,1,1,1,1,1,1,20121209,20130206
8028,1,1,1,1,1,1,1,20121209,20130206
8034,1,1,1,1,1,1,0,20121210,20130126
8033,1,1,1,1,1,1,0,20121119,20121208
1428,0,0,0,0,0,1,0,20121117,20121124
8031,1,1,1,1,1,1,0,20121108,20121208
8032,1,1,1,1,0,0,1,20121108,20121206
8030,1,1,1,1,1,1,0,20130121,20130206
8035,1,1,0,0,1,0,0,20121108,20121116
8042,0,0,1,0,0,0,0,20121212,20130206
8039,0,0,1,0,0,0,0,20121114,20130206
8038,1,1,1,1,1,0,0,20121210,20130206
1697,1,1,1,1,1,1,0,20121108,20121208
8044,1,1,1,1,1,0,0,20121108,20130206
1118,0,0,0,0,0,0,1,20121209,20130203
8037,1,1,1,1,1,1,1,20121209,20130206
8409,1,1,1,1,1,1,0,20121108,20130206
8040,1,1,0,1,1,0,0,20121108,20121207
8041,1,1,0,1,1,0,0,20121210,20130205
8043,1,1,1,1,1,0,0,20121108,20130206
8047,1,1,1,1,1,0,0,20121108,20130206
8045,1,0,1,1,1,0,0,20121108,20121125
8046,1,1,1,1,1,1,1,20121209,20130206
1782,1,1,1,1,1,0,0,20121112,20121207
6826,1,1,1,1,1,1,0,20121210,20130113
8053,1,1,1,1,1,1,0,20121210,20130206
8054,1,1,1,1,1,0,0,20121112,20121207
8064,1,1,1,1,1,0,0,20121210,20130206
5344,1,1,1,1,1,0,0,20121108,20121207
8063,1,1,1,1,1,0,0,20121112,20121207
8068,1,1,1,1,1,0,1,20121209,20121220
8058,0,0,0,1,1,0,0,20121108,20121109
8057,1,1,1,1,1,1,1,20121209,20121220
8050,1,1,1,1,1,0,0,20121113,20121207
8049,1,1,1,1,1,0,0,20121108,20121207
8088,1,1,1,1,1,1,1,20121108,20130206
8066,1,1,1,1,1,0,1,20121119,20121207
8065,1,1,1,1,1,0,1,20121221,20130206
8069,1,1,1,1,1,0,0,20121221,20130206
8051,1,1,1,1,1,1,0,20121108,20121208
8061,1,0,1,1,1,1,0,20121210,20130106
1551,1,0,0,0,0,0,0,20121112,20121119
1553,0,1,1,1,1,0,0,20121113,20121123
8060,1,0,1,1,1,0,0,20121126,20121209
8056,1,1,1,1,1,1,1,20121110,20121208
8055,1,1,1,1,1,1,1,20121221,20130206
8052,1,0,1,1,1,1,0,20121222,20121229
8070,1,1,1,1,1,1,0,20121119,20121208
8074,1,1,1,1,1,1,0,20121221,20130206
8071,1,1,1,1,1,0,1,20121221,20130206
8072,0,0,0,0,0,0,1,20121111,20121207
8254,1,1,1,1,1,0,0,20121210,20130206
5768,0,0,0,0,0,1,1,20121209,20130203
8252,1,1,1,1,1,1,1,20121209,20130206
1554,1,1,1,1,1,0,1,20121209,20121220
8081,1,1,0,0,0,0,0,20130107,20130108
8084,1,0,1,1,1,0,0,20121224,20130106
8085,1,1,1,1,1,0,0,20121210,20130106
1704,1,1,1,1,1,0,0,20130114,20130118
6827,1,1,1,1,1,1,1,20121209,20130206
8076,1,0,1,1,1,0,0,20121224,20130106
8082,1,1,1,1,1,1,0,20121210,20130206
8077,1,1,1,1,1,0,0,20121210,20130113
8083,1,1,1,1,1,1,0,20130121,20130206
8087,1,1,1,1,1,1,1,20121209,20130206
6608,1,1,1,1,1,1,1,20121110,20121208
8079,1,1,1,1,1,1,1,20121209,20130206
8091,1,1,1,1,1,1,1,20121209,20130206
8090,1,1,1,1,1,1,0,20121108,20121202
8089,1,1,1,1,1,1,1,20121210,20130206
8116,0,0,0,0,0,1,1,20121110,20130203
8111,1,1,1,1,1,1,0,20121110,20130206
8110,1,1,1,1,1,1,1,20121110,20121208
8113,1,1,1,1,1,1,1,20121110,20130206
8120,0,0,0,1,1,0,0,20121108,20121109
8121,0,0,0,0,0,1,1,20121110,20121208
8119,1,1,1,1,1,0,0,20121108,20130206
8117,1,1,1,1,1,1,0,20121108,20130206
8123,1,1,1,1,1,1,0,20121210,20130206
62,1,1,1,1,1,1,1,20121209,20130206
8122,1,1,1,1,1,1,0,20121210,20130206
8125,0,0,0,0,0,0,1,20121209,20130203
8126,1,1,1,1,1,0,1,20121209,20130206
8129,1,1,1,1,1,1,0,20121210,20130206
4550,0,0,0,0,0,1,0,20121215,20130202
8132,1,1,1,1,1,1,0,20121210,20130206
8135,1,1,1,1,1,1,1,20121209,20130206
8142,1,1,1,1,1,1,1,20121209,20130206
8128,0,0,0,0,0,1,0,20121215,20130202
8137,1,1,1,1,0,1,1,20121209,20130206
8138,0,0,0,0,1,0,0,20121214,20130201
8133,0,0,0,0,1,0,0,20121214,20130201
8140,0,0,0,0,0,1,1,20121209,20130203
8148,1,1,1,1,1,1,1,20121231,20130206
8147,1,1,1,1,1,1,1,20121108,20121230
8149,1,1,1,1,1,0,0,20130107,20130206
8146,1,1,1,1,1,1,1,20121210,20130106
8145,1,1,1,1,1,1,1,20121209,20130206
379,0,0,0,0,0,1,1,20121110,20121202
385,1,1,1,1,0,0,1,20121108,20121206
8150,1,1,1,1,1,1,1,20121209,20130106
6317,1,1,1,1,1,0,1,20121209,20130106
8151,0,0,0,0,0,1,1,20121209,20130203
8159,1,1,1,1,1,1,1,20121209,20130203
8154,0,0,0,0,1,1,1,20121109,20121208
8153,1,1,1,1,1,1,1,20121217,20130106
8152,1,1,1,1,1,0,0,20121108,20121207
8158,1,1,1,1,0,0,0,20121108,20121206
8156,1,1,1,1,1,0,0,20130107,20130125
8157,0,0,0,0,0,1,0,20130107,20130127
8162,1,1,1,1,0,1,0,20121110,20121208
8161,1,1,1,1,1,1,0,20121110,20121208
185,1,1,1,1,0,1,0,20121108,20121208
420,0,0,0,0,0,1,1,20121108,20121208
6541,1,1,1,1,0,0,0,20121108,20121115
8194,1,1,1,1,0,0,0,20121119,20121206
418,0,0,0,0,1,0,0,20121109,20121116
6568,1,1,1,1,0,0,0,20121108,20121115
8193,1,1,1,1,1,0,1,20121108,20121118
381,1,1,1,1,1,0,1,20121119,20121207
8164,1,1,1,1,1,1,0,20121210,20130206
2759,1,0,0,0,0,0,0,20121210,20130102
1348,1,1,1,1,1,1,1,20121209,20130106
2704,0,0,0,0,1,0,0,20121214,20130104
4620,0,1,0,0,0,1,1,20121224,20130106
4629,1,1,1,1,1,1,0,20121210,20130105
8168,0,0,0,0,0,1,1,20130202,20130203
8167,1,1,1,0,0,0,0,20130204,20130206
8165,1,1,1,0,0,0,0,20130204,20130206
8172,1,0,0,0,0,0,0,20130107,20130204
8178,1,1,1,1,1,1,1,20130107,20130206
8176,0,0,0,0,0,1,1,20130121,20130203
8174,1,1,1,1,1,1,1,20130107,20130206
8175,1,1,1,1,1,1,1,20130107,20130206
8179,0,0,0,0,1,0,1,20130111,20130203
8173,1,1,1,1,1,1,0,20130107,20130206
8177,1,1,1,1,1,0,0,20130107,20130206
8182,1,1,1,1,1,1,0,20121110,20121208
1855,1,1,1,1,1,1,1,20121110,20121208
8180,1,1,1,1,1,0,0,20121210,20130206
8184,1,1,1,1,1,1,1,20121209,20130203
8183,1,1,1,1,1,1,0,20121210,20121223
8181,1,1,1,1,1,1,0,20121210,20130206
7115,1,1,1,1,1,1,1,20121108,20121208
8191,1,1,1,1,1,0,0,20121210,20121223
8186,0,0,0,0,0,1,1,20121110,20121208
669,1,1,1,1,1,1,1,20121209,20130206
668,1,1,1,1,1,1,1,20121108,20121208
372,0,0,0,0,1,0,0,20121123,20121207
4584,0,0,0,0,1,1,1,20121123,20121208
8196,0,0,0,0,1,1,1,20121109,20121118
8195,0,0,0,0,1,0,1,20121109,20121118
4316,0,0,0,0,1,0,1,20121123,20121207
800,0,0,0,0,1,0,0,20121109,20121116
8210,1,1,1,1,0,1,0,20121119,20121208
8197,1,1,1,1,1,0,1,20121108,20121207
8199,1,1,1,1,1,0,0,20121109,20121207
8198,1,1,0,1,1,1,0,20121108,20121208
5779,0,0,0,0,0,1,1,20121110,20121208
8200,1,1,1,1,1,1,0,20121109,20121208
6376,1,0,0,0,1,0,0,20121108,20121116
8202,1,1,1,1,1,1,0,20130107,20130206
5067,0,1,1,1,0,0,0,20121127,20121129
8207,0,0,0,0,1,0,1,20130111,20130203
8208,0,0,0,0,0,0,1,20130113,20130203
8205,1,1,1,1,1,0,0,20130107,20130206
8201,1,1,1,1,1,0,0,20130107,20130206
8206,1,1,1,1,1,0,1,20130107,20130206
8204,1,1,1,1,1,0,0,20121108,20121207
8203,1,1,1,1,1,1,0,20130107,20130206
8218,0,0,0,0,1,1,1,20121109,20121116
8212,1,1,1,1,1,0,0,20121108,20121116
8213,1,1,1,1,1,1,0,20121117,20121208
8219,0,0,0,0,1,1,1,20121117,20121208
2686,1,1,1,1,0,0,0,20121108,20121129
1529,1,1,1,1,0,0,0,20121119,20121129
5409,0,0,0,0,1,1,0,20121207,20121208
8211,0,0,0,0,1,1,0,20121109,20121201
8217,0,0,0,0,1,0,1,20121123,20121202
8215,0,1,1,1,1,0,0,20121126,20121207
4953,0,0,0,0,0,1,1,20121124,20121202
8222,1,1,1,1,1,1,1,20121209,20130206
8220,1,1,1,1,1,1,1,20121209,20130206
8221,1,1,1,1,1,1,0,20121210,20130206
8223,1,1,1,1,1,0,1,20121209,20130206
8224,1,1,1,1,1,0,0,20121210,20130206
6320,1,1,1,1,1,1,0,20121108,20130206
8225,0,0,0,0,0,1,0,20121110,20121209
8227,1,1,1,1,1,1,0,20121222,20130206
5554,1,0,0,0,1,0,0,20121109,20121207
8226,1,0,0,0,1,0,0,20121210,20130204
8228,0,1,1,1,0,0,0,20121211,20130206
5331,0,1,1,1,0,0,0,20121108,20121206
8229,1,1,1,1,1,1,1,20121209,20130206
7363,0,0,0,0,0,1,0,20121108,20121208
8231,1,1,1,1,1,0,0,20121108,20121207
8233,1,1,1,1,1,0,0,20121108,20121207
8232,1,1,1,1,1,1,1,20121108,20121208
8230,1,1,1,1,1,0,1,20121209,20130206
8257,1,1,1,1,1,0,0,20121108,20121207
8234,1,1,1,1,1,1,1,20121209,20130206
8255,1,1,1,1,1,1,1,20121209,20130206
8256,1,1,1,1,1,1,0,20121210,20121223
8235,1,1,1,1,1,0,0,20121108,20121127
182,1,1,1,1,0,0,0,20121210,20130206
8236,1,1,1,1,0,1,1,20121110,20121208
1790,0,0,0,0,1,0,0,20121108,20121207
8237,0,0,0,0,0,1,0,20121215,20130202
8238,0,0,0,0,1,0,1,20121108,20121207
6130,0,0,0,0,1,0,1,20121209,20130203
8239,1,1,1,1,0,0,0,20121210,20130206
8240,1,1,1,1,1,0,1,20121209,20130206
8241,1,1,1,1,1,1,1,20121209,20130206
8242,1,1,1,1,1,0,0,20121210,20130206
8244,1,1,1,1,1,1,0,20121210,20130202
8246,1,1,1,1,1,0,1,20121108,20121207
8243,0,0,0,0,0,1,1,20130107,20130203
1987,1,1,1,1,1,1,1,20121209,20130206
8245,0,0,0,0,0,1,0,20130107,20130202
8249,1,1,1,1,1,0,0,20121109,20121207
8248,1,1,1,1,1,0,0,20130128,20130206
8250,1,1,1,1,1,1,0,20121110,20121208
8251,0,0,0,1,1,0,0,20121108,20121109
8264,1,1,1,1,1,1,1,20121217,20130206
8261,1,1,1,1,1,1,1,20121108,20130206
8260,1,1,1,1,1,0,0,20121217,20130206
8269,1,1,1,1,1,1,1,20121108,20130206
8273,0,0,0,0,0,1,1,20121110,20130203
8258,1,0,1,1,1,0,0,20121224,20130106
8272,0,0,0,0,0,1,1,20121222,20130203
8270,0,0,0,0,0,1,1,20121216,20130203
8266,1,0,0,0,1,0,0,20121224,20130204
8263,1,1,1,1,1,1,1,20121203,20121216
8265,1,1,1,1,1,1,1,20121209,20121216
1520,0,0,0,0,0,1,1,20121209,20121216
8268,1,1,1,1,1,0,0,20121203,20121214
8271,0,0,0,0,0,0,1,20121209,20121215
8267,1,0,0,0,1,0,0,20121203,20121217
8259,1,0,1,1,1,0,0,20121203,20121216
8276,1,1,1,1,1,0,0,20121108,20130206
8277,1,1,1,1,1,1,0,20121108,20130206
8278,0,0,0,0,0,0,1,20121111,20130203
8275,1,1,1,1,1,1,1,20121108,20130206
8290,1,1,1,1,1,1,1,20121108,20130113
8284,1,1,1,1,1,1,1,20121209,20130113
8281,1,1,1,1,1,0,0,20121108,20130111
8283,1,1,1,1,1,1,1,20121108,20130113
8285,1,1,1,1,1,0,0,20121210,20121223
8291,1,1,1,1,1,1,1,20121108,20130113
8288,1,1,1,1,1,1,1,20121210,20130113
8279,1,1,1,1,1,1,1,20121108,20130113
8289,1,1,1,1,1,1,1,20130114,20130206
8282,1,1,1,1,1,0,0,20130114,20130206
8280,1,1,1,1,1,1,1,20130114,20130206
2725,0,1,1,1,1,0,0,20121120,20121130
4884,0,0,0,0,0,1,0,20121124,20121201
8286,0,0,0,0,1,0,0,20121109,20130111
8287,1,1,1,1,0,0,0,20121108,20130110
8292,1,1,1,1,1,1,0,20121210,20121223
8293,1,1,1,1,1,1,1,20121209,20130206
8294,0,0,0,0,1,0,0,20121214,20130118
8331,1,1,1,1,1,1,1,20130114,20130120
8319,1,1,1,1,1,1,0,20130114,20130119
5791,1,1,1,1,1,1,1,20121108,20130206
8302,1,1,1,1,1,1,1,20121209,20130206
8297,1,1,1,1,1,0,0,20121108,20130206
8299,1,1,1,1,1,1,1,20121108,20130206
8300,1,1,1,1,1,1,1,20121108,20130206
8295,1,1,1,1,1,1,1,20121108,20130206
8296,1,1,1,1,1,1,1,20121108,20130206
8301,1,0,1,1,1,0,0,20121224,20130106
8298,1,1,1,1,1,1,1,20121108,20130206
8303,1,0,1,1,1,0,0,20121224,20130106
8304,1,1,1,1,1,0,0,20121108,20130206
8306,1,1,1,1,1,1,1,20121108,20130206
8307,1,0,1,1,1,0,0,20121224,20130106
8305,1,1,1,1,1,1,1,20121108,20130206
8309,1,1,1,1,1,0,0,20121108,20130206
8308,1,1,1,1,1,1,1,20121108,20130206
8311,1,0,0,0,1,0,0,20121109,20130204
8310,1,0,0,0,1,1,1,20121109,20130204
8313,0,0,0,0,0,0,1,20121111,20130113
8935,1,1,1,1,1,1,1,20121110,20121208
6894,1,1,1,1,1,1,1,20121108,20121208
8320,1,1,1,1,1,1,1,20121110,20121209
8328,0,1,1,1,0,0,0,20121113,20121115
8312,1,1,1,1,1,0,0,20121112,20130111
8324,1,1,1,1,0,1,1,20121108,20130113
8315,1,1,1,1,1,1,0,20121110,20121208
8316,0,0,0,0,0,0,1,20121119,20130113
8326,1,1,1,1,0,1,1,20130114,20130206
8335,0,0,0,0,1,0,0,20130125,20130201
8318,1,1,1,1,1,1,1,20130120,20130206
8332,1,1,1,1,1,1,1,20130121,20130206
8334,0,0,0,0,1,0,0,20121214,20130111
8330,1,1,1,1,1,1,1,20121209,20130113
8321,0,0,0,0,0,1,1,20130114,20130203
8435,1,1,1,1,1,0,1,20121108,20130206
8327,1,1,1,1,1,0,0,20130121,20130206
8329,1,1,1,1,1,1,1,20121108,20121208
8934,0,1,1,1,0,0,0,20121108,20121115
8343,1,0,0,0,1,0,0,20121210,20130204
8337,1,1,1,1,1,1,1,20121108,20130206
8336,1,1,1,1,1,1,1,20121108,20130206
8342,1,0,0,0,1,0,0,20121109,20121130
8338,1,1,1,1,1,0,0,20121108,20130206
8341,1,0,1,1,1,0,0,20121126,20121209
8344,1,1,1,1,1,0,0,20121203,20130206
8339,1,0,1,1,1,0,0,20121224,20130106
8340,1,0,1,1,1,0,0,20121126,20121209
3287,0,0,0,0,0,1,1,20121209,20130203
8350,1,1,1,1,1,1,1,20121108,20130206
8353,1,1,1,1,1,0,0,20130107,20130206
8349,1,1,1,1,1,1,1,20121108,20130206
8347,1,1,1,1,1,1,1,20121108,20130206
8356,1,0,1,1,1,0,0,20121126,20121209
8346,1,1,1,1,1,1,1,20121108,20121208
8348,1,0,1,1,1,0,0,20121224,20130106
2568,0,0,0,0,0,1,1,20121209,20130203
8345,1,1,1,1,1,0,0,20121210,20130206
8352,1,1,1,1,1,1,1,20121108,20130206
8359,1,1,1,1,1,1,1,20121209,20130206
8358,1,1,1,1,1,1,1,20121209,20130206
4232,0,0,0,0,0,1,1,20121110,20130203
8355,1,1,1,1,1,1,1,20121209,20130206
8354,1,1,1,1,1,1,1,20121108,20130206
8364,1,1,1,1,1,0,0,20121210,20130206
8361,1,1,1,1,1,0,0,20121210,20130206
1471,0,0,0,0,0,0,1,20121209,20130203
8372,1,0,0,0,0,1,1,20121110,20121208
8373,1,1,1,1,1,1,1,20121209,20130206
8367,1,1,1,1,0,0,1,20121209,20130206
48,1,1,1,1,0,0,1,20121108,20121206
8376,1,1,1,1,0,0,0,20121210,20130206
8378,0,0,0,0,1,0,0,20121214,20130111
8381,0,0,0,0,0,1,1,20121209,20130203
8380,0,0,0,0,0,1,0,20121110,20121208
8368,1,1,1,1,0,1,0,20121210,20121223
8370,0,0,0,0,1,0,0,20121109,20121207
3366,1,1,1,1,1,1,1,20121209,20130206
8379,1,1,1,1,0,1,0,20121110,20121208
8377,1,0,0,0,0,0,0,20121112,20121130
1804,0,0,0,0,0,0,1,20121118,20121202
6440,0,1,1,1,1,0,0,20121119,20121207
6435,1,0,0,0,0,0,0,20121112,20121126
8363,0,0,0,0,0,1,1,20130107,20130202
6441,1,1,1,1,0,0,0,20121119,20121206
8362,1,0,0,0,0,0,0,20121210,20130204
1681,0,0,0,0,0,0,1,20130128,20130203
8383,1,1,1,1,1,0,1,20121209,20130206
8386,1,1,1,1,1,1,1,20121209,20130206
8387,1,1,1,1,1,1,1,20121209,20130206
8385,1,1,1,1,1,1,1,20121209,20130206
8384,1,1,1,1,1,1,1,20121209,20130206
8382,1,1,1,1,1,1,1,20121209,20130206
8388,1,1,1,1,0,1,1,20121209,20130206
8389,1,1,1,1,1,0,0,20121210,20130206
8393,0,0,0,0,0,1,1,20121126,20121208
8391,0,0,0,0,0,1,1,20121118,20121125
8392,1,1,1,1,1,1,1,20121209,20130206
8390,1,1,1,1,1,1,1,20121209,20130206
8407,0,0,0,0,0,1,1,20121110,20130203
8399,1,0,0,0,0,0,1,20121111,20121207
8405,1,0,0,0,0,0,0,20121210,20130204
8402,1,1,1,1,1,1,1,20121215,20130206
351,0,1,1,1,1,0,0,20121127,20121207
8404,0,1,1,1,1,1,0,20121211,20130206
8398,1,1,1,1,1,1,1,20121108,20121208
8403,1,1,1,1,1,1,1,20121209,20130203
8394,1,1,1,1,1,1,1,20121209,20130127
8396,0,0,0,0,0,1,1,20121209,20130203
6439,0,1,1,1,1,0,0,20121108,20121123
8397,1,1,1,1,1,0,0,20121210,20130206
8395,1,1,1,1,1,0,0,20121108,20121203
242,0,0,0,0,0,1,0,20121110,20121124
8401,1,1,1,1,1,1,1,20121108,20121208
8406,1,1,1,1,1,0,0,20121210,20121223
8408,1,1,1,1,1,1,1,20121108,20121208
8410,1,1,1,1,1,1,0,20121210,20130206
6221,0,0,0,0,1,0,1,20121109,20130203
8413,1,1,1,1,1,1,1,20121108,20130206
8414,1,1,1,1,1,0,1,20121108,20130206
8412,1,1,1,1,1,1,1,20121110,20130206
8467,0,0,0,0,0,1,1,20121209,20130203
8418,1,1,1,1,1,1,1,20121108,20130206
8416,1,1,1,1,1,1,0,20121108,20130206
8419,1,1,1,1,1,1,1,20121108,20130206
8415,1,1,1,1,1,1,1,20121209,20130206
8417,1,1,1,1,1,1,1,20121209,20130206
8420,1,1,1,1,1,0,0,20121108,20130206
7031,1,1,1,1,1,1,0,20121210,20130206
1459,1,1,1,1,1,0,0,20121108,20130206
8421,1,1,1,1,1,0,0,20121210,20130206
8422,1,1,1,1,1,1,0,20121210,20130206
7377,1,1,1,1,1,1,1,20121110,20130206
8428,1,1,1,1,1,1,0,20121210,20130206
8429,1,1,1,1,1,0,0,20121108,20130206
8470,0,0,0,0,0,1,0,20121110,20130202
85,1,1,1,1,1,0,0,20121210,20130206
8424,1,0,0,0,0,0,0,20130114,20130204
8423,0,0,1,0,0,0,0,20121224,20130107
8462,1,1,1,1,1,0,0,20121210,20121223
86,1,0,1,1,1,0,0,20121224,20130104
8427,1,1,1,1,1,0,1,20130114,20130206
8426,1,1,1,1,1,0,1,20121108,20130113
8453,0,0,0,0,0,1,0,20121110,20130112
8431,1,1,1,1,1,0,0,20121210,20130206
8425,0,1,1,1,1,1,0,20121211,20130206
8455,1,0,1,1,1,1,0,20121224,20130105
8463,1,0,1,1,0,0,0,20121224,20130103
8432,1,1,1,1,1,1,1,20121209,20130206
8433,1,1,1,1,1,1,0,20121210,20130206
36,1,1,1,1,1,1,1,20121108,20121207
1060,0,1,1,1,1,0,0,20121108,20130206
99,1,1,1,1,1,1,0,20121108,20121207
8434,1,0,1,1,1,0,0,20121108,20121125
7054,1,1,1,1,1,1,1,20121108,20121206
8436,0,0,0,0,0,0,1,20121209,20130203
8445,1,1,1,1,1,1,1,20130115,20130206
8437,1,1,1,1,1,0,0,20121210,20121223
8438,1,1,1,1,1,1,0,20121210,20121223
8439,1,1,1,1,1,1,1,20121210,20130113
8441,0,0,0,0,0,0,1,20121209,20121223
8447,0,0,0,0,0,0,1,20121209,20121223
8446,0,0,0,0,0,1,0,20121215,20130112
8448,1,1,1,1,1,0,1,20121209,20130113
8440,1,1,1,1,1,1,1,20121210,20130113
5951,1,1,1,1,1,1,1,20121108,20121208
8444,1,1,1,1,1,1,1,20121209,20130114
8442,1,1,1,1,1,1,1,20121209,20130113
8451,1,1,1,1,1,0,0,20121210,20130206
8449,1,1,1,1,1,1,1,20121209,20130206
4252,0,0,0,0,0,0,1,20121209,20130203
8460,1,1,1,1,1,0,0,20130114,20130206
8458,1,1,1,1,1,0,0,20121108,20130111
8459,1,1,1,1,1,0,0,20121108,20130111
8454,1,1,1,1,1,1,0,20121210,20121223
8456,1,1,1,1,1,0,0,20121210,20130206
8464,1,1,1,1,1,1,1,20121108,20130206
8466,1,1,1,1,1,0,0,20121210,20130206
8469,1,1,1,1,1,0,1,20121209,20130206
8471,1,1,1,1,1,1,0,20130114,20130206
8875,1,1,1,1,1,0,0,20121108,20121208
8474,1,1,1,1,0,1,0,20121210,20130206
8473,1,1,1,1,0,1,0,20121110,20121208
8472,1,1,1,1,1,1,1,20121209,20130206
8476,1,1,1,1,1,1,0,20121210,20130206
64,1,1,1,1,1,1,1,20121209,20130206
5006,0,0,0,0,0,0,1,20121209,20130203
8477,1,1,1,1,1,0,0,20121210,20130206
3102,0,0,0,0,0,1,1,20121110,20121208
6924,0,0,0,0,0,1,1,20121209,20130203
8485,0,0,0,0,1,1,0,20121123,20121214
8478,0,0,0,0,0,1,1,20121209,20130203
8488,0,0,0,0,0,1,1,20121124,20121215
8487,0,0,0,0,0,1,1,20121216,20130203
1418,0,0,0,0,0,0,1,20121209,20130203
8484,1,1,1,1,1,1,1,20121209,20130206
8483,1,1,1,1,0,0,1,20121108,20121206
8481,0,0,0,0,0,1,1,20121209,20130203
8479,1,1,1,1,1,0,0,20121210,20130206
8486,0,0,0,0,0,1,1,20121209,20130203
8496,1,1,1,1,1,0,1,20121209,20130206
430,1,1,1,1,1,0,1,20121108,20121207
8497,1,1,1,1,1,0,1,20121209,20130206
8491,1,1,1,1,1,1,0,20121108,20121208
8504,1,1,1,1,1,1,1,20121209,20130206
8503,0,0,0,0,0,0,1,20121111,20130203
8494,1,1,1,1,0,1,1,20121209,20130206
8490,1,1,1,1,1,1,1,20121209,20130206
8492,1,1,1,1,0,1,1,20121108,20121208
3254,0,0,0,0,0,1,0,20121215,20130202
8505,1,1,1,1,0,0,0,20121108,20121206
8506,1,1,1,1,0,0,0,20121210,20130206
8495,0,0,0,0,0,1,0,20121215,20130202
608,1,1,1,1,1,0,1,20121108,20121206
8510,1,1,1,1,1,0,0,20121108,20121207
8493,0,0,0,0,1,0,0,20121214,20130201
8498,1,1,1,1,1,0,0,20121210,20130206
8499,1,1,1,1,1,1,1,20121108,20130206
8501,1,1,1,1,1,1,0,20121210,20130206
8502,1,0,1,1,1,1,0,20121119,20121202
8500,0,0,0,0,0,1,0,20121108,20121208
8507,0,1,0,0,0,0,1,20121223,20130101
8508,0,0,0,0,0,0,1,20121209,20130203
8509,0,1,1,1,1,0,0,20121109,20121207
6153,1,1,1,1,0,1,0,20121210,20130206
8514,1,1,1,1,0,1,0,20121108,20121208
8511,1,1,1,1,1,1,1,20121108,20130206
8517,1,0,0,0,0,0,0,20121210,20130204
8518,0,1,1,1,1,1,0,20121211,20130206
8516,1,1,1,1,0,1,0,20121210,20130206
8513,0,0,0,0,0,0,1,20121209,20130203
8525,0,0,0,0,0,1,1,20121110,20121208
3900,1,1,1,1,0,0,0,20121108,20121206
8526,1,1,1,1,0,1,1,20121209,20130206
6233,1,0,0,0,0,0,0,20121108,20121203
8520,1,1,1,1,1,1,0,20121210,20130206
8523,1,1,1,1,1,1,0,20121210,20130206
8527,1,1,1,1,0,0,0,20121210,20130206
1544,1,1,1,1,0,0,0,20121112,20121122
317,0,0,0,0,1,0,0,20121214,20130201
3072,0,1,1,1,1,1,0,20121108,20121208
8561,1,1,1,1,1,0,0,20121210,20130102
8571,1,1,1,1,1,0,0,20130103,20130206
8568,1,1,1,1,1,1,1,20121209,20130102
8581,1,1,1,1,1,1,1,20121108,20121208
8579,0,0,0,0,0,1,1,20121110,20121208
8584,1,1,1,1,1,1,1,20130105,20130203
8595,1,1,1,1,1,1,1,20130105,20130206
8576,1,1,1,1,1,1,1,20121209,20130102
8567,0,0,0,0,0,0,1,20130103,20130113
4118,1,1,1,1,1,0,0,20121210,20121231
8598,1,1,0,1,1,1,1,20121108,20121208
8570,1,1,1,1,1,1,1,20130105,20130206
8575,1,1,1,1,1,1,1,20130103,20130206
8572,1,1,1,1,1,0,0,20130107,20130206
8564,1,1,1,1,1,1,0,20121210,20130102
8599,1,1,1,1,1,1,1,20121209,20130102
8593,1,1,1,0,1,1,1,20121109,20121208
8594,1,1,1,1,1,1,1,20130103,20130203
8596,1,0,1,1,1,1,1,20121108,20121208
557,0,1,0,0,0,0,0,20121113,20121204
8597,1,1,1,1,1,1,1,20130103,20130206
8589,1,1,1,1,1,1,1,20121209,20130102
8566,1,1,1,1,1,1,0,20130105,20130206
8569,1,1,1,1,1,1,1,20121209,20130102
8573,0,1,1,1,1,1,0,20121108,20121208
8574,1,0,0,0,0,0,1,20121111,20121202
8592,0,0,0,1,0,0,0,20121108,20121125
8591,1,1,1,1,1,1,1,20130105,20130203
1107,0,0,1,0,1,0,0,20121109,20121207
8585,1,1,0,1,0,1,1,20121108,20121208
8578,1,1,1,1,1,0,0,20121108,20121207
8577,0,0,1,0,0,0,0,20121128,20121205
8529,1,1,1,1,1,0,0,20121108,20121207
3577,1,1,1,1,1,0,0,20121210,20130206
8530,1,1,1,1,1,0,0,20121126,20130206
8557,1,1,1,1,1,0,0,20121210,20121223
8560,1,1,1,1,1,0,0,20130121,20130125
8559,1,1,1,1,1,1,1,20121209,20130206
8619,1,1,1,1,1,0,0,20130107,20130206
8624,1,1,1,1,1,0,0,20121126,20130206
8620,0,0,0,0,0,1,1,20121209,20130203
8628,1,1,1,1,1,1,1,20121124,20130206
8629,1,1,1,1,1,1,0,20121210,20130206
8622,1,1,1,1,1,1,1,20121124,20130206
8626,0,0,0,0,0,1,1,20121215,20121216
8637,1,1,1,1,1,0,0,20121217,20130206
8636,1,1,1,1,1,1,1,20121109,20121208
253,0,1,1,1,1,1,0,20121204,20121208
8632,1,1,1,1,0,1,1,20121108,20121203
8631,1,1,1,1,1,0,0,20121108,20121207
8633,0,1,0,0,1,0,0,20121109,20121130
8641,1,1,1,1,1,1,1,20121209,20130206
6775,1,1,1,1,1,1,0,20121210,20130206
8644,0,0,0,0,0,1,1,20121215,20130202
8639,1,1,1,1,1,0,0,20121210,20130206
8642,1,1,1,1,1,0,0,20121108,20121207
6412,1,1,1,1,1,0,0,20121108,20121130
8646,1,1,1,1,1,1,0,20121203,20130206
8647,1,1,1,1,1,1,1,20121203,20130206
1814,0,0,0,0,1,1,1,20121214,20121216
8668,1,1,1,1,1,1,1,20121210,20130206
8666,1,1,1,1,1,1,1,20121108,20130206
8667,1,1,1,1,1,1,1,20121108,20130206
8664,1,1,1,1,1,1,0,20121108,20121208
6478,1,1,1,1,1,0,0,20121210,20130206
8669,1,1,1,1,1,0,0,20121108,20130206
8673,0,0,0,0,0,1,1,20121209,20130203
8674,0,0,0,0,0,1,0,20121229,20130105
3315,0,0,0,0,0,1,0,20121215,20130202
8682,1,1,1,1,1,0,0,20121210,20130206
8690,1,1,1,1,1,1,0,20121108,20121208
8694,1,1,1,1,1,1,1,20121108,20121208
8692,1,1,1,1,1,0,0,20130107,20130206
8684,1,1,1,1,1,0,0,20121108,20121207
8685,1,1,1,1,1,1,0,20121108,20130206
8688,1,1,1,1,1,0,0,20121108,20130206
8686,1,1,1,1,1,1,1,20121108,20130206
1407,1,1,1,1,0,0,0,20121112,20121115
8699,1,1,1,1,1,0,0,20121210,20130206
8698,1,1,1,1,1,0,0,20121108,20121207
8701,1,0,1,1,1,0,0,20121224,20130106
8703,1,1,1,1,1,1,1,20121108,20130206
8706,1,1,1,1,1,0,1,20121119,20130206
8707,1,1,1,1,1,0,0,20121119,20130206
8708,1,1,1,1,1,0,1,20121108,20130206
8704,1,1,1,1,1,1,1,20121108,20130206
8702,1,1,1,1,0,0,0,20121112,20121115
8705,1,1,1,1,1,0,0,20121112,20121116
8710,1,1,1,1,1,0,0,20130107,20130206
8709,1,1,1,1,1,1,0,20121119,20130206
8711,1,1,1,1,1,0,0,20121119,20130206
8712,1,1,1,1,1,1,0,20121119,20130206
8714,1,1,1,1,1,1,0,20121119,20130206
6401,1,1,1,1,1,0,0,20121108,20130206
8715,1,1,1,1,1,0,0,20121108,20130206
8719,1,1,1,1,1,0,1,20121108,20130206
8720,1,1,1,1,1,0,0,20121210,20130206
8724,1,1,1,1,1,1,1,20121108,20130206
8723,1,1,1,1,1,0,1,20121108,20130206
8721,1,1,1,1,1,1,0,20121210,20130206
8726,1,1,1,1,1,0,1,20121119,20130206
5732,1,1,1,1,1,1,1,20121209,20130206
8730,1,1,1,1,1,0,0,20121210,20130206
8729,1,1,1,1,1,0,0,20121210,20130104
8728,1,1,1,1,1,0,0,20130107,20130206
8731,1,1,1,1,1,1,0,20121124,20121208
8742,1,1,1,1,1,1,0,20121123,20121208
8732,0,0,0,0,0,0,1,20121125,20121202
8734,1,1,1,1,1,1,1,20121123,20121208
8733,1,1,1,1,1,1,0,20121124,20121208
8736,0,0,0,0,0,1,0,20121124,20121208
8741,1,1,1,1,1,0,0,20121123,20121207
8739,1,1,1,1,1,0,0,20121126,20121207
8735,1,1,1,1,1,0,0,20121123,20130206
8740,1,1,1,1,1,1,1,20121124,20121208
8737,1,1,1,1,1,0,1,20121123,20130206
8738,1,1,1,1,1,1,0,20121124,20121208
6476,1,0,1,1,1,0,0,20121224,20121228
8746,1,1,1,1,1,0,1,20121108,20121202
8747,1,1,1,1,1,0,1,20130107,20130206
8744,1,1,1,1,1,1,1,20121209,20130106
8749,0,0,0,0,0,0,1,20121209,20130203
8743,1,1,1,1,1,0,0,20121210,20130104
8748,0,0,0,0,0,1,0,20130107,20130202
8750,1,1,1,1,1,0,1,20121209,20130206
8752,1,1,1,1,1,1,0,20121210,20121223
8754,1,1,1,1,1,1,0,20121108,20121208
8761,1,1,1,1,1,1,1,20121209,20130206
8756,0,0,0,0,0,1,1,20121209,20121223
8757,1,1,1,1,1,1,1,20121209,20130206
8760,1,1,1,1,1,1,1,20121209,20130106
8755,1,1,1,1,1,1,0,20121108,20130206
8763,1,1,1,1,1,0,1,20121209,20130206
8766,1,0,0,0,0,0,0,20121112,20121118
8764,0,1,1,1,1,0,0,20121108,20121207
8767,0,1,1,1,1,0,0,20121108,20121207
8768,1,1,1,1,1,1,0,20121108,20121208
8769,0,0,0,0,0,0,1,20121209,20121223
8770,1,1,1,1,1,0,0,20121108,20121207
8771,1,1,1,1,1,0,1,20121209,20130106
8765,1,0,0,0,0,1,0,20121110,20121208
8774,1,0,0,0,0,0,0,20121210,20130107
8773,0,1,1,1,1,1,1,20121209,20130206
8772,1,1,1,1,1,1,1,20121108,20121208
8776,1,1,1,1,1,1,0,20121108,20121208
8775,1,1,1,1,1,1,0,20121210,20130206
8781,1,1,1,1,1,1,0,20121108,20121208
8779,1,1,1,1,1,0,0,20121108,20121207
55,1,1,1,1,1,1,1,20121108,20121208
1397,1,1,1,1,0,0,0,20121210,20130206
8789,1,1,1,1,1,1,0,20121210,20121223
8785,1,1,1,1,1,1,0,20121210,20121223
8793,1,1,1,1,1,1,0,20121210,20121223
8790,0,0,0,0,0,1,1,20121110,20130206
8792,1,1,1,1,1,1,0,20121110,20121208
8784,1,1,1,1,1,1,0,20121210,20130206
8788,1,1,1,1,1,1,1,20121209,20130206
8798,1,1,1,1,1,1,1,20121209,20130206
8786,1,1,1,1,1,0,0,20130107,20130125
8796,1,1,1,1,1,0,1,20130107,20130127
8795,0,0,0,0,0,0,1,20121108,20121207
8799,1,1,1,1,1,1,1,20121223,20121230
8802,1,1,1,1,1,1,0,20121210,20130206
8803,1,1,1,1,1,1,0,20121210,20130206
8800,1,1,1,1,1,1,0,20121210,20130206
8808,1,1,1,1,1,1,0,20121210,20130206
8807,1,1,1,1,1,1,1,20121209,20130206
8809,1,1,1,1,1,1,1,20121209,20130206
8810,1,1,1,1,1,1,0,20121210,20130206
8805,0,1,1,1,1,1,1,20121209,20130206
8811,1,1,1,1,1,0,0,20121108,20121207
8806,1,0,0,0,0,0,0,20121210,20130204
8813,1,1,1,1,1,1,0,20121222,20130206
8812,1,1,1,1,1,1,1,20121209,20130206
8814,1,1,1,1,1,1,0,20130107,20130206
8815,1,1,1,1,1,1,1,20121209,20130206
8816,1,1,1,1,1,1,0,20130107,20130206
8817,1,1,1,1,1,1,1,20121222,20130206
8826,0,0,0,0,0,1,1,20121111,20130127
8824,0,0,0,0,0,1,1,20121111,20130127
8818,1,1,1,1,1,1,1,20121108,20130206
5372,1,1,1,1,1,1,1,20121108,20130206
8825,0,0,0,0,0,1,1,20121111,20121208
5436,0,0,0,0,0,0,1,20121209,20130127
8822,1,1,1,1,1,1,1,20121108,20121208
5345,0,0,0,0,0,1,1,20130202,20130203
8869,0,0,0,0,0,0,1,20130107,20130203
8870,1,1,1,1,1,0,1,20121111,20130206
8871,1,1,1,1,1,1,1,20121109,20130206
8830,0,0,0,0,0,1,0,20121108,20121208
3534,0,0,0,0,0,1,0,20121215,20130126
8831,0,0,0,0,0,0,1,20121118,20121202
8829,1,1,1,1,1,0,0,20121112,20130206
6400,0,0,0,0,0,0,1,20121111,20130203
8839,1,1,1,1,0,0,0,20121108,20130206
8834,1,1,1,1,1,0,0,20121112,20130206
8836,1,1,1,1,1,0,1,20121111,20130206
8841,0,0,0,0,0,1,0,20121117,20121208
8842,0,0,0,0,0,1,0,20121110,20130126
8874,1,1,1,1,1,0,0,20121108,20130206
4323,1,1,1,1,1,0,0,20130121,20130125
8848,0,0,0,0,0,1,1,20121117,20130127
8846,1,1,1,1,1,0,0,20121108,20130111
8847,1,1,1,1,1,0,0,20130114,20130120
8849,1,1,1,1,1,0,1,20121209,20130206
8850,1,1,1,1,1,0,0,20121108,20130206
8853,1,1,1,1,1,0,1,20121209,20130206
3527,0,0,0,0,0,1,1,20121117,20121208
8852,1,1,1,1,1,0,1,20121112,20121207
8843,1,0,1,1,1,1,0,20121108,20121125
8857,0,0,0,0,0,1,1,20121110,20121208
8855,1,1,1,1,1,1,0,20121108,20121208
8856,0,0,0,0,0,1,1,20121110,20121208
8858,1,1,1,1,1,1,1,20121108,20130203
8859,1,0,1,1,1,0,0,20121224,20130111
8865,1,1,1,1,1,1,0,20121210,20130120
8864,1,1,1,1,1,1,0,20121108,20121208
8863,1,1,1,1,1,1,1,20121108,20121208
8862,1,1,1,1,1,1,1,20121209,20130206
5496,1,1,1,1,1,0,0,20121108,20121130
8866,1,1,1,1,1,0,0,20121210,20130206
8861,1,0,1,1,1,0,0,20121224,20130106
8867,0,0,0,0,0,1,1,20121110,20130127
8868,1,1,1,1,1,1,1,20121209,20130206
8872,0,0,0,0,0,0,1,20121111,20130203
8873,1,1,1,1,1,0,0,20121108,20130206
6239,1,0,0,0,0,0,0,20121108,20130204
8876,1,1,1,1,1,1,1,20121209,20130203
8877,1,1,1,1,1,0,1,20121108,20121208
8879,1,1,1,1,0,0,0,20121108,20121208
1433,1,1,1,1,1,0,1,20121108,20121208
8878,1,1,1,1,1,0,0,20121108,20121208
244,1,1,1,1,1,0,1,20121108,20121125
8881,1,1,1,1,1,0,1,20121209,20130206
8880,1,1,1,1,1,1,0,20121210,20130206
6891,1,1,1,1,1,1,0,20121108,20121208
8883,1,1,0,1,1,0,0,20121112,20121123
8885,1,1,1,1,1,0,0,20130107,20130125
8887,0,0,0,0,0,1,0,20121110,20130202
8884,1,1,1,1,1,0,0,20121221,20130206
8886,1,1,1,1,1,0,0,20130107,20130206
8888,1,1,1,1,1,1,0,20121108,20130206
8891,1,1,1,1,1,0,1,20121108,20130206
6174,1,1,1,1,1,1,0,20121108,20130206
8889,1,1,1,1,1,1,1,20121108,20130206
8890,1,1,1,1,1,1,0,20121210,20130206
8892,1,1,1,1,1,1,1,20121108,20130206
8893,0,0,0,0,0,1,1,20121209,20130203
6223,1,0,1,1,1,0,0,20121224,20130104
8895,0,0,0,0,0,1,1,20121209,20130203
6207,1,1,1,1,1,0,0,20121210,20130206
8894,1,1,1,1,1,0,0,20121210,20130125
8896,1,1,1,1,1,0,0,20130128,20130206
8897,1,1,1,1,1,1,1,20121209,20130206
8898,1,1,1,1,1,0,0,20121108,20121207
8901,0,1,1,1,1,1,1,20121209,20130206
8909,1,0,1,1,1,1,0,20121224,20130106
8903,1,1,1,1,1,1,1,20121209,20130206
8899,1,0,1,1,1,0,0,20121224,20130113
8907,1,0,1,0,0,0,0,20121210,20121223
8910,0,0,0,0,1,0,1,20121209,20130203
8911,0,0,0,0,0,0,1,20121111,20121202
8906,1,1,1,1,1,1,1,20121224,20130106
8902,0,1,1,1,1,1,1,20121108,20121208
8922,1,1,1,1,1,0,1,20121209,20130206
8921,1,1,1,1,1,1,1,20121209,20130206
7440,1,1,1,1,0,1,0,20121108,20121208
763,0,0,0,0,0,0,1,20130120,20130203
8920,1,1,1,1,1,0,1,20121209,20130127
8923,1,1,1,1,0,1,1,20121209,20130206
8918,0,1,1,1,1,1,0,20121108,20130206
8913,1,1,1,1,1,1,1,20121209,20130206
8914,1,1,1,1,1,1,1,20121209,20130206
8912,1,1,1,1,1,1,1,20121209,20130203
8924,0,0,0,0,1,0,1,20121109,20121207
8919,1,0,0,0,0,0,0,20121112,20121203
8915,0,0,0,0,1,0,0,20121214,20130201
8925,1,1,1,1,1,0,0,20121210,20130206
8926,1,1,0,1,1,0,0,20121210,20130205
8927,1,1,1,1,1,0,0,20121108,20130206
8931,1,1,1,1,1,1,1,20121108,20130206
8928,1,1,1,1,1,0,0,20121108,20121207
8930,0,0,0,0,1,0,1,20121109,20130203
8929,0,0,0,0,1,0,1,20121109,20130203
6258,1,1,1,1,1,1,1,20121108,20130206
8932,0,0,0,0,0,1,1,20121110,20130203
8933,1,1,1,1,0,1,0,20130107,20130206
9016,1,1,0,1,1,0,0,20121210,20130205
